2   932   5.01   596   3.835   35   3.012   103   4.326 
2   935   4.911   616   3.528   46   2.934   85   4.338 
2   930   4.873   563   3.506   40   3.026   76   4.382 
2   898   4.702   562   3.547   52   3.019   72   4.351 
2   905   4.87   667   3.56   53   2.935   107   4.241 
2   907   4.884   584   3.555   55   3.018   101   4.36 
2   929   4.879   555   3.518   52   3.025   75   4.356 
2   886   4.872   593   3.554   44   2.976   92   4.342 
2   927   4.889   572   3.531   47   2.992   67   4.184 
2   929   4.82   623   3.57   45   3.002   70   4.335 
2   937   4.9   595   3.537   23   2.999   47   4.29 
2   959   4.903   577   3.406   52   2.992   78   4.34 
2   932   4.709   597   3.557   53   3.012   99   4.308 
2   965   4.892   628   3.549   48   3.026   69   4.335 
2   977   4.829   631   3.528   37   3.031   89   4.312 
2   888   4.898   571   3.538   43   3.03   66   4.329 
2   942   4.895   584   3.55   43   3.118   99   4.359 
2   947   5.054   587   3.683   61   3.129   72   4.311 
2   941   4.806   599   3.617   60   3.019   72   4.265 
2   916   4.893   594   3.449   52   3.03   85   4.327 
2   956   4.86   612   3.509   61   3.028   68   4.427 
2   900   4.902   616   3.508   43   3.019   95   4.219 
2   888   4.871   589   3.534   47   3.036   104   4.352 
2   966   4.868   613   3.56   66   2.951   83   4.435 
2   918   4.852   574   3.545   52   3.031   79   4.234 
2   860   4.919   592   3.606   38   2.989   102   4.405 
2   973   4.989   612   3.586   52   2.983   96   4.418 
2   845   4.99   591   3.583   45   3.028   86   4.377 
2   978   4.96   592   3.571   60   3.102   74   4.397 
2   929   4.916   608   3.574   48   3.015   105   4.374 
2   951   4.966   521   3.569   46   3.119   85   4.395 
2   938   4.99   601   3.667   53   3.133   79   4.472 
2   949   5.018   580   3.536   46   3.113   87   4.345 
2   934   5.1   613   3.545   47   3.138   71   4.463 
2   878   4.955   588   3.684   45   3.07   76   4.354 
2   918   4.986   556   3.581   51   3.067   61   4.371 
2   924   4.973   597   3.601   66   3.113   100   4.386 
2   871   5.025   605   3.595   47   2.941   76   4.495 
2   952   5.08   590   3.596   56   2.93   73   4.534 
2   946   5.042   570   3.639   43   3.118   95   4.489 
2   952   4.901   626   3.506   61   3.056   93   4.478 
2   909   4.886   626   3.615   47   3.048   77   4.432 
2   876   4.929   632   3.499   45   3.054   73   4.403 
2   940   4.986   571   3.583   64   2.964   95   4.4 
2   902   4.971   583   3.588   48   3.025   71   4.447 
2   888   4.964   618   3.556   38   3.022   89   4.357 
2   986   4.9   599   3.483   57   2.985   65   4.342 
2   905   4.711   581   3.547   47   2.98   75   4.35 
2   898   4.971   611   3.544   46   3.012   91   4.336 
2   939   4.906   608   3.55   52   3.029   100   4.407 
2   921   4.932   618   3.562   46   2.999   84   4.294 
2   883   4.91   597   3.615   46   2.916   81   4.34 
2   893   4.914   587   3.584   44   3.034   81   4.255 
2   924   4.906   614   3.565   49   3.036   84   4.309 
2   895   4.881   556   3.522   48   2.98   73   4.287 
2   909   4.866   640   3.513   50   3.023   93   4.355 
2   894   4.943   588   3.525   65   3.036   74   4.406 
2   907   4.93   573   3.566   64   3.038   102   4.397 
2   926   4.805   586   3.548   48   3.029   101   4.351 
2   899   4.885   594   3.562   59   3.003   59   4.353 
2   890   4.883   544   3.616   42   3.022   66   4.332 
2   989   4.893   612   3.624   51   3.004   103   4.355 
2   933   4.778   622   3.557   64   2.973   63   4.386 
2   876   4.908   584   3.591   50   3.057   79   4.389 
2   931   4.912   599   3.517   56   3.028   68   4.419 
2   934   4.951   562   3.581   45   3.024   97   4.358 
2   970   4.97   611   3.569   50   3.043   103   4.327 
2   874   4.827   614   3.541   60   3.034   77   4.326 
2   923   4.789   607   3.53   68   3.022   75   4.3 
2   961   4.92   631   3.555   54   3.068   52   4.267 
2   911   4.967   542   3.571   67   3.047   92   4.355 
2   984   4.984   615   3.587   46   3.085   86   4.436 
2   880   4.962   611   3.549   52   3.042   87   4.408 
2   895   4.872   583   3.559   61   3.055   92   4.434 
2   936   5.01   542   3.541   53   3.062   111   4.41 
2   971   4.716   612   3.545   58   3.013   81   4.425 
2   895   4.959   543   3.608   45   3.116   75   4.435 
2   904   5.018   634   3.638   29   3.026   80   4.403 
2   942   5.046   602   3.663   46   3.067   69   4.086 
2   886   5.005   504   3.609   61   3.061   109   4.394 
2   932   5.091   577   3.615   52   3.115   116   4.434 
2   909   5.047   563   3.62   66   3.09   77   4.578 
2   958   4.936   635   3.559   46   3.029   94   4.416 
2   920   4.96   636   3.597   63   3.03   82   4.434 
2   914   4.962   557   3.608   55   3.027   73   4.364 
2   1001   4.831   631   3.497   59   3.019   73   4.245 
2   1005   4.891   577   3.556   48   3.026   63   4.316 
2   932   4.931   643   3.435   63   2.956   61   4.31 
2   906   4.93   592   3.568   50   3.063   97   4.396 
2   967   4.982   610   3.569   41   2.948   61   4.261 
2   944   4.949   591   3.553   52   3.076   87   4.501 
2   965   5.022   611   3.618   43   3.062   58   4.467 
2   911   5.031   571   3.603   36   3.167   88   4.403 
2   941   4.916   572   3.603   53   3.107   64   4.503 
2   896   5.022   631   3.687   51   3.075   55   4.487 
2   950   4.914   577   3.675   51   3.116   78   4.474 
2   949   5.012   619   3.609   65   3.176   69   4.506 
2   851   4.691   609   3.726   47   3.108   64   4.466 
2   942   5.061   587   3.692   51   3.082   77   4.468 
2   951   5.015   600   3.612   50   3.024   64   4.473 
3   644   5.114   40   3.676   8   3.054   28   4.398 
3   659   4.963   172   3.585   9   3.007   17   4.438 
3   473   5.059   12   3.442   12   3.03   23   4.42 
3   560   5.035   174   3.556   14   2.997   20   4.387 
3   598   4.995   318   3.568   3   3.045   19   4.41 
3   632   4.987   254   3.567   10   3.05   21   4.419 
3   643   4.992   286   3.576   12   3.053   15   4.32 
3   629   4.995   253   3.574   5   3.047   8   4.399 
3   610   4.997   309   3.541   10   3.109   22   4.451 
3   640   4.984   254   3.536   7   2.96   22   4.443 
3   653   4.975   362   3.555   3   3.045   22   4.438 
3   637   5.066   315   3.569   10   3.077   24   4.481 
3   619   5.031   179   3.494   8   3.067   25   4.399 
3   640   5.063   355   3.637   3   2.889   25   4.413 
3   647   5.084   261   3.724   15   3.107   33   4.48 
3   614   4.979   9   3.569   10   3.052   22   4.418 
3   670   4.994   31   3.561   9   3.027   17   4.435 
3   696   4.973   151   3.579   4   2.935   27   4.441 
3   602   4.87   261   3.581   7   2.999   31   4.325 
3   671   4.634   55   3.485   11   3.021   19   4.427 
3   662   4.985   392   3.597   12   2.905   22   4.271 
3   503   5.007   24   3.561   10   2.993   18   4.399 
3   666   4.949   250   3.567   7   3.041   33   4.381 
3   664   4.987   213   3.571   3   3.05   21   4.391 
3   650   4.971   351   3.577   5   3.032   15   4.327 
3   558   4.979   0   3.583   8   3.033   21   4.239 
3   627   4.981   47   3.479   14   3.062   23   4.436 
3   530   5.016   8   3.543   2   3.062   14   4.433 
3   665   4.99   151   3.536   14   3.044   16   4.471 
3   645   4.996   144   3.525   14   3.069   17   4.346 
3   625   5.012   255   3.483   11   3.059   12   4.46 
3   601   4.947   279   3.592   16   3.054   25   4.439 
3   643   4.913   213   3.559   6   2.956   19   4.429 
3   611   4.948   10   3.617   10   3.043   17   4.433 
3   640   4.978   355   3.56   7   3.028   21   4.263 
3   627   5.056   331   3.618   8   3.032   32   4.448 
3   629   4.993   45   3.574   7   3.01   15   4.434 
3   512   5.023   6   3.541   6   2.976   22   4.421 
3   646   4.961   348   3.585   17   3.013   22   4.427 
3   680   4.97   254   3.561   10   3.009   16   4.383 
3   342   5.009   8   3.527   1   3.035   25   4.398 
3   624   4.981   297   3.548   12   3.047   17   4.367 
3   669   4.877   284   3.574   13   3.053   18   4.392 
3   635   4.872   155   3.608   5   3.053   28   4.392 
3   473   4.996   12   3.613   13   3.037   36   4.408 
3   657   4.862   255   3.507   5   3.052   15   4.366 
3   744   4.979   154   3.506   8   3.036   28   4.407 
3   659   5.021   307   3.51   8   3.047   19   4.427 
3   347   4.989   14   3.572   6   3.047   13   4.439 
3   642   4.969   70   3.48   12   3.045   18   4.419 
3   417   4.98   12   3.567   3   3.053   28   4.405 
3   612   4.969   49   3.589   9   2.966   13   4.425 
3   652   4.969   339   3.58   10   3.034   30   4.345 
3   684   5.011   194   3.579   14   3.011   26   4.332 
3   495   4.988   14   3.572   16   3.007   23   4.44 
3   522   4.835   14   3.581   7   3.011   25   4.441 
3   610   4.857   75   3.493   10   3.006   20   4.415 
3   626   4.952   352   3.577   6   2.917   18   4.423 
3   568   5.001   4   3.584   14   3.071   17   4.388 
3   639   5.099   360   3.585   9   3.19   8   4.487 
3   601   5.125   48   3.532   5   3.088   18   4.488 
3   528   5.108   299   3.628   10   3.111   14   4.534 
3   668   5.314   307   3.625   9   3.117   13   4.495 
3   531   4.828   13   3.555   17   3.103   27   4.473 
3   650   5.049   219   3.54   6   3.055   19   4.428 
3   604   4.939   30   3.531   9   3.051   11   4.444 
3   619   4.98   291   3.563   10   3.053   25   4.371 
3   585   4.954   74   3.535   11   3.049   14   4.448 
3   616   4.976   252   3.604   6   3.064   15   4.46 
3   644   4.963   205   3.581   7   3.04   22   4.297 
3   655   4.896   305   3.562   20   3.046   18   4.416 
3   562   4.986   12   3.585   1   3.007   24   4.488 
3   649   5   42   3.561   13   3.041   21   4.44 
3   533   5.017   12   3.566   10   3.022   21   4.451 
3   552   4.991   14   3.576   3   3.036   23   4.442 
3   509   5.019   12   3.606   21   2.984   15   4.259 
3   497   5.005   20   3.588   12   3.064   31   4.381 
3   639   4.979   324   3.568   10   2.996   22   4.335 
3   624   4.957   155   3.576   5   2.96   19   4.284 
3   595   5.056   14   3.481   5   3.078   25   4.463 
3   631   5.067   323   3.617   8   3.034   18   4.453 
3   641   5.051   206   3.611   10   2.996   30   4.486 
3   604   5.025   319   3.581   9   3.084   11   4.48 
3   657   5.044   335   3.605   10   3.06   21   4.481 
3   515   4.888   369   3.579   11   3.088   16   4.524 
3   594   5.143   8   3.644   1   3.108   21   4.452 
3   501   4.999   14   3.473   8   3.045   36   4.29 
3   618   4.98   74   3.603   5   3.009   22   4.4 
3   662   4.92   86   3.571   13   3.045   20   4.366 
3   660   4.951   112   3.714   19   2.838   16   4.423 
3   583   5.058   69   3.555   3   3.034   17   4.402 
3   543   5.077   6   3.34   16   3.035   16   4.482 
3   470   5.089   6   3.599   8   3.042   22   4.442 
3   640   5.019   231   3.603   11   3.032   29   4.496 
3   483   5.053   10   3.589   8   3.043   12   4.504 
3   648   4.969   202   3.611   15   3.083   24   4.451 
3   650   5.014   358   3.608   3   3.079   16   4.465 
3   660   5.046   93   3.596   14   3.046   19   4.453 
3   637   5.114   227   3.593   4   3.062   19   4.415 
3   614   4.888   6   3.611   8   3.086   27   4.479 
4   204   5.156   34   3.57   34   3.059   46   4.492 
4   68   5.035   24   3.558   42   3.085   9   4.585 
4   173   5.078   97   3.583   40   3.077   27   4.542 
4   66   5.131   30   3.544   34   3.078   13   4.578 
4   360   5.116   34   3.578   44   3.076   54   4.575 
4   241   5.134   32   3.589   46   3.083   11   4.568 
4   130   5.118   34   3.61   24   3.067   15   4.537 
4   493   5.083   32   3.612   46   3.069   52   4.555 
4   123   5.15   30   3.62   40   3.037   29   4.564 
4   61   5.117   30   3.396   24   3.036   40   4.572 
4   128   5.148   40   3.629   32   3.033   52   4.577 
4   394   5.162   34   3.613   38   3.043   15   4.436 
4   104   5.153   30   3.591   26   3.041   35   4.662 
4   441   5.152   30   3.468   32   3.047   31   4.537 
4   56   5.117   28   3.515   42   3.064   51   4.477 
4   132   5.03   36   3.444   28   3.071   38   4.316 
4   507   5.073   32   3.389   32   3.035   41   4.362 
4   480   5.058   44   3.589   26   3.045   33   4.464 
4   146   5.039   24   3.584   42   3.055   3   4.519 
4   106   5.069   32   3.525   30   3.057   12   4.513 
4   54   5.076   22   3.539   42   3.031   2   4.496 
4   304   5.09   22   3.539   24   3.058   36   4.447 
4   44   5.09   30   3.352   20   3.068   23   4.532 
4   48   5.065   22   3.597   15   3.022   17   4.529 
4   515   5.102   44   3.629   28   3.062   47   4.489 
4   48   5.057   40   3.596   34   3.064   50   4.527 
4   73   5.039   24   3.61   40   2.94   23   4.59 
4   453   5.047   24   3.577   36   3.027   5   4.524 
4   207   5.094   40   3.582   32   3.015   37   4.525 
4   182   5.236   42   3.586   22   3.139   5   4.691 
4   202   5.195   26   3.687   32   3.114   19   4.656 
4   66   5.116   16   3.682   44   3.029   35   4.6 
4   500   5.235   208   3.651   32   3.11   35   4.575 
4   300   5.215   112   3.709   36   3.149   16   4.607 
4   185   5.078   50   3.567   30   3.056   30   4.483 
4   74   5.071   22   3.565   22   3.038   42   4.446 
4   57   5.089   33   3.559   46   3.039   12   4.431 
4   321   5.033   46   3.554   34   3.042   13   4.55 
4   553   5.068   135   3.492   28   3.032   33   4.416 
4   48   5.024   38   3.513   64   3.044   15   4.485 
4   34   5.064   34   3.544   32   3.033   23   4.556 
4   163   5.037   24   3.539   15   3.049   28   4.492 
4   479   4.929   52   3.579   30   3.054   7   4.492 
4   259   5.029   24   3.563   32   3.033   39   4.404 
4   554   5.028   22   3.601   36   3.078   26   4.466 
4   277   4.958   32   3.572   19   3.008   25   4.493 
4   48   5.021   30   3.571   36   3.001   3   4.495 
4   395   5.058   42   3.552   32   2.999   39   4.49 
4   52   4.954   40   3.582   40   3.006   18   4.431 
4   62   5.07   32   3.581   32   3.022   43   4.498 
4   428   5.058   38   3.579   50   3.036   1   4.496 
4   363   5.056   40   3.576   22   3.064   46   4.403 
4   42   5.078   32   3.583   38   2.994   46   4.473 
4   48   5.021   42   3.578   32   2.979   42   4.464 
4   224   5.06   18   3.608   26   3.105   42   4.469 
4   342   4.687   22   3.567   3   3.106   21   4.472 
4   454   5.041   30   3.554   32   3.06   3   4.523 
4   485   5.07   32   3.539   1   3.043   46   4.487 
4   426   5.066   46   3.557   48   3.056   33   4.503 
4   228   5.078   28   3.534   36   3.045   54   4.492 
4   324   5.082   36   3.542   24   3.065   27   4.504 
4   38   5.048   26   3.58   46   3.054   62   4.516 
4   509   5.017   40   3.619   28   3.054   36   4.498 
4   56   5.028   38   3.539   26   3.047   29   4.511 
4   496   5.065   36   3.561   36   3.023   1   4.516 
4   293   5.036   28   3.565   30   3.01   7   4.506 
4   66   5.107   26   3.581   28   3.024   40   4.347 
4   415   5.021   38   3.413   30   3.137   18   4.499 
4   156   5.039   30   3.569   38   3.028   47   4.499 
4   372   5.1   36   3.568   56   2.965   48   4.506 
4   116   5.107   34   3.589   34   3.049   42   4.484 
4   168   5.072   36   3.577   50   3.049   13   4.475 
4   450   5.081   30   3.56   27   3.022   23   4.419 
4   56   5.069   26   3.57   50   2.967   67   4.338 
4   452   5.083   32   3.576   34   3.068   49   4.493 
4   480   5.052   16   3.585   24   3.04   19   4.522 
4   76   5.06   38   3.455   34   3.054   58   4.545 
4   286   5.103   38   3.454   22   3.036   44   4.438 
4   373   5.085   30   3.582   36   3.041   3   4.501 
4   128   5.023   32   3.523   19   3.057   42   4.526 
4   126   5.035   30   3.606   32   3.076   59   4.514 
4   71   5.11   38   3.563   32   3.083   31   4.551 
4   289   5.092   24   3.519   28   3.082   29   4.611 
4   47   5.089   22   3.703   20   3.061   17   4.672 
4   135   5.189   46   3.673   11   3.15   18   4.684 
4   46   5.156   36   3.675   3   3.138   40   4.681 
4   111   5.207   38   3.648   30   3.078   3   4.477 
4   273   5.188   52   3.698   38   3.021   26   4.597 
4   53   5.209   36   3.705   30   3.091   38   4.566 
4   297   5.098   28   3.496   27   3.194   1   4.629 
4   22   5.241   32   3.731   28   3.122   36   4.594 
4   34   5.208   40   3.655   28   3.093   1   4.611 
4   73   5.047   40   3.698   26   3.068   17   4.542 
4   185   5.094   20   3.578   38   3.069   17   4.452 
4   455   5.09   32   3.532   36   3.064   25   4.46 
4   402   5.06   34   3.538   38   3.062   52   4.593 
4   493   5.146   24   3.559   28   3.069   56   4.554 
4   369   5.035   116   3.575   38   2.926   34   4.162 
4   273   5.02   42   3.538   36   3.04   28   4.536 
4   68   5.069   38   3.577   28   3.064   56   4.544 
5   78   5.192   58   3.676   84   3.122   84   4.638 
5   94   5.229   56   3.681   52   3.094   100   4.548 
5   329   5.222   58   3.681   80   3.118   86   4.643 
5   76   5.177   68   3.666   76   2.969   90   4.66 
5   90   5.226   42   3.569   66   3.078   86   4.628 
5   354   5.222   60   3.698   68   3.113   68   4.632 
5   72   5.238   54   3.673   66   2.912   88   4.651 
5   106   5.123   50   3.537   70   3.074   86   4.428 
5   68   5.234   40   3.675   66   3.117   67   4.6 
5   96   5.218   92   3.651   66   3.116   90   4.624 
5   88   5.268   68   3.649   36   3.12   76   4.631 
5   78   5.244   58   3.657   44   3.131   69   4.612 
5   98   5.229   58   3.674   64   3.113   102   4.611 
5   262   5.194   64   3.66   54   3.117   7   4.564 
5   92   5.272   72   3.724   62   2.989   50   4.653 
5   452   5.223   52   3.628   54   3.087   90   4.62 
5   92   5.151   55   3.623   52   3.006   1   4.624 
5   94   5.172   80   3.542   54   3.118   100   4.634 
5   98   5.18   52   3.657   64   3.144   100   4.639 
5   191   5.184   60   3.684   62   3.106   72   4.629 
5   82   5.178   52   3.658   60   3.108   68   4.534 
5   94   5.216   68   3.648   60   3.082   88   4.625 
5   78   5.197   60   3.66   82   3.101   74   4.636 
5   86   5.222   68   3.663   56   3.077   76   4.641 
5   86   5.225   70   3.646   60   3.081   65   4.619 
5   84   5.096   82   3.654   60   3.088   84   4.611 
5   72   5.215   70   3.668   52   3.078   25   4.596 
5   102   5.22   56   3.659   62   3.059   90   4.584 
5   112   5.271   44   3.648   58   3.115   86   4.61 
5   100   5.212   46   3.495   58   3.115   90   4.603 
5   442   5.204   60   3.675   64   3.112   106   4.449 
5   104   5.221   58   3.645   60   3.115   92   4.594 
5   96   5.198   52   3.635   48   3.117   82   4.658 
5   104   5.205   36   3.636   66   3.111   96   4.526 
5   82   5.227   66   3.369   66   3.122   94   4.638 
5   90   5.234   50   3.539   64   3.122   74   4.619 
5   90   5.18   48   3.616   48   3.037   69   4.634 
5   98   5.191   48   3.679   68   3.087   47   4.639 
5   88   5.058   70   3.669   52   3.121   96   4.63 
5   110   5.173   64   3.676   36   3.111   106   4.637 
5   76   5.235   60   3.722   50   3.063   86   4.643 
5   96   5.214   62   3.665   63   3.059   80   4.635 
5   86   5.214   42   3.645   46   3.092   90   4.639 
5   82   5.233   58   3.691   90   3.119   96   4.669 
5   92   5.215   74   3.66   60   3.094   70   4.56 
5   102   5.117   58   3.659   76   3.09   88   4.479 
5   72   5.201   44   3.582   30   2.93   74   4.601 
5   134   5.226   44   3.681   68   3.063   94   4.568 
5   106   5.317   68   3.691   50   3.103   92   4.613 
5   84   5.252   68   3.679   40   3.136   100   4.637 
5   108   5.213   88   3.681   44   3.043   33   4.627 
5   78   5.217   52   3.627   62   3.118   104   4.655 
5   320   5.164   60   3.612   66   3.081   98   4.655 
5   94   5.245   84   3.581   40   3.121   94   4.647 
5   112   5.068   40   3.644   74   3.149   106   4.648 
5   93   5.196   64   3.642   79   3.114   33   4.689 
5   84   5.228   58   3.677   76   3.108   120   4.536 
5   76   5.21   84   3.535   50   3.117   99   4.652 
5   96   5.186   46   3.745   76   3.099   114   4.638 
5   399   5.117   68   3.655   74   3.052   82   4.64 
5   82   5.253   66   3.661   70   3.075   29   4.634 
5   76   5.273   28   3.67   48   3.07   100   4.653 
5   88   5.213   54   3.71   68   3.092   96   4.651 
5   498   5.047   48   3.672   78   3.082   94   4.632 
5   116   5.117   70   3.667   80   3.098   84   4.637 
5   130   5.125   76   3.734   70   3.104   76   4.588 
5   100   5.218   64   3.66   62   3.042   35   4.637 
5   102   5.085   36   3.666   62   3.116   88   4.618 
5   78   5.219   54   3.662   74   3.114   96   4.557 
5   72   5.209   46   3.676   66   3.109   72   4.591 
5   111   5.213   48   3.655   58   3.09   95   4.645 
5   112   5.221   68   3.631   52   3.111   88   4.64 
5   96   5.148   66   3.638   50   3.109   82   4.563 
5   102   5.24   84   3.629   72   3.111   29   4.623 
5   96   5.035   48   3.637   46   3.105   80   4.627 
5   78   5.055   78   3.657   54   3.071   108   4.616 
5   96   5.177   42   3.675   62   3.096   72   4.605 
5   163   5.084   46   3.584   66   3.091   98   4.644 
5   82   5.077   64   3.64   44   3.06   76   4.618 
5   86   5.144   50   3.661   72   3.055   49   4.626 
5   100   5.212   62   3.653   62   3.035   98   4.481 
5   86   5.2   60   3.671   70   3.12   88   4.632 
5   94   5.195   60   3.663   82   3.079   98   4.339 
5   96   5.203   48   3.649   58   3.094   64   4.616 
5   96   5.212   54   3.67   44   3.115   47   4.597 
5   70   4.904   52   3.653   74   3.053   78   4.602 
5   88   5.219   66   3.655   56   3.107   90   4.599 
5   88   5.202   70   3.644   60   3.175   43   4.593 
5   98   5.247   74   3.65   66   3.037   92   4.511 
5   96   5.196   46   3.643   40   3.118   108   4.64 
5   81   5.177   48   3.663   70   3.112   92   4.627 
5   100   5.304   50   3.761   70   3.192   3   4.691 
5   96   5.265   64   3.719   68   3.142   86   4.589 
5   110   5.257   58   3.669   56   3.136   74   4.618 
5   82   5.09   68   3.648   70   3.145   108   4.695 
5   85   5.23   156   3.737   80   3.136   104   4.676 
5   68   5.182   70   3.696   88   3.129   7   4.697 
5   132   5.211   78   3.601   66   3.142   77   4.666 
5   70   5.259   62   3.649   92   3.101   92   4.631 
5   90   5.277   62   3.701   60   2.997   98   4.685 
6   138   5.33   106   3.659   92   3.101   154   4.703 
6   116   5.304   46   3.697   78   3.151   136   4.731 
6   128   5.232   78   3.717   86   3.117   138   4.685 
6   182   5.282   108   3.712   94   3.155   132   4.655 
6   126   5.323   78   3.656   88   3.011   112   4.658 
6   151   5.151   114   3.565   96   3.122   152   4.701 
6   136   5.321   96   3.71   84   3.144   134   4.691 
6   152   5.307   60   3.686   76   3.056   152   4.566 
6   144   5.304   80   3.697   96   3.158   136   4.719 
6   102   5.163   86   3.659   84   3.156   130   4.69 
6   106   5.106   86   3.663   86   3.106   144   4.584 
6   144   5.267   86   3.677   76   3.094   77   4.69 
6   136   5.303   70   3.694   74   3.069   154   4.693 
6   108   5.363   98   3.705   66   3.227   126   4.887 
6   122   5.389   110   3.877   78   3.246   104   4.849 
6   128   5.37   104   3.773   74   3.139   104   4.498 
6   98   5.173   104   3.732   82   3.125   144   4.752 
6   124   5.229   90   3.711   110   2.988   130   4.655 
6   124   5.301   82   3.692   94   3.087   110   4.605 
6   138   5.293   88   3.682   92   3.097   134   4.676 
6   138   5.315   108   3.701   86   3.114   45   4.693 
6   126   5.296   102   3.703   60   3.111   124   4.678 
6   110   5.302   92   3.693   118   3.181   145   4.649 
6   108   5.314   76   3.702   72   3.138   124   4.681 
6   130   5.304   100   3.697   76   3.135   116   4.628 
6   126   5.293   102   3.698   80   3.182   122   4.572 
6   160   5.335   82   3.611   94   3.135   148   4.556 
6   136   5.286   94   3.606   82   3.124   152   4.714 
6   148   5.308   66   3.674   86   3.145   120   4.639 
6   138   5.283   82   3.675   70   3.162   130   4.804 
6   128   5.396   98   3.799   76   3.112   73   4.773 
6   144   5.392   94   3.717   74   3.162   152   4.82 
6   124   5.24   72   3.831   80   3.16   170   4.772 
6   144   5.323   92   3.689   112   3.164   104   4.778 
6   128   5.352   76   3.755   72   3.162   170   4.782 
6   151   5.283   86   3.767   76   3.187   142   4.765 
6   120   5.294   76   3.744   80   3.097   134   4.767 
6   108   5.444   94   3.743   96   3.182   144   4.896 
6   116   5.431   72   3.651   84   3.174   122   4.879 
6   162   5.583   104   3.746   78   3.147   158   4.751 
6   144   5.379   84   3.568   76   3.133   144   4.755 
6   124   5.363   96   3.745   90   3.122   126   4.72 
6   154   5.212   62   3.72   86   3.177   122   4.711 
6   98   5.377   88   3.72   84   3.167   25   4.75 
6   116   5.383   86   3.755   96   3.155   82   4.733 
6   150   5.396   82   3.729   64   3.217   106   4.719 
6   80   5.449   106   3.765   76   3.316   118   4.765 
6   132   5.379   70   3.707   90   2.906   108   4.807 
6   162   5.443   82   3.675   92   3.209   109   4.842 
6   138   5.387   60   3.753   103   3.042   138   4.768 
6   128   5.378   104   3.711   100   3.173   106   4.671 
6   122   5.406   108   3.648   96   3.154   154   4.785 
6   128   5.335   84   3.764   66   3.172   136   4.763 
6   114   5.327   82   3.748   68   3.166   118   4.773 
6   132   5.364   100   3.718   107   3.169   154   4.773 
6   136   5.259   94   3.709   82   2.967   104   4.765 
6   144   5.364   106   3.759   78   3.121   136   4.791 
6   136   5.276   74   3.742   96   3.117   136   4.771 
6   144   5.321   96   3.748   82   3.14   136   4.734 
6   128   5.389   98   3.695   110   3.168   146   4.809 
6   112   5.405   94   3.723   74   3.056   168   4.79 
6   132   5.367   102   3.747   80   3.165   128   4.739 
6   134   5.271   68   3.729   86   3.216   102   4.738 
6   108   5.345   110   3.897   80   3.194   132   4.856 
6   100   5.494   96   3.647   80   3.171   158   4.711 
6   152   5.334   76   3.778   86   3.128   140   4.655 
6   128   5.274   68   3.703   66   3.144   128   4.663 
6   172   5.29   106   3.698   80   3.134   146   4.628 
6   136   5.031   62   3.605   78   3.099   138   4.695 
6   148   5.227   82   3.68   78   3.114   142   4.559 
6   134   4.99   82   3.657   74   3.141   130   4.419 
6   138   5.202   78   3.701   100   3.139   164   4.693 
6   134   5.09   78   3.692   94   3.127   154   4.757 
6   128   5.28   62   3.708   82   3.142   154   4.581 
6   118   5.131   84   3.695   82   3.071   170   4.717 
6   104   5.317   92   3.715   100   3.097   164   4.72 
6   155   5.318   74   3.627   92   3.121   118   4.717 
6   150   5.342   74   3.72   92   3.121   106   4.819 
6   114   5.143   84   3.783   68   3.268   106   4.676 
6   124   5.341   128   3.823   82   3.124   122   4.729 
6   120   5.343   72   3.737   76   3.175   138   4.748 
6   148   5.273   76   3.737   66   3.155   114   4.73 
6   142   5.33   82   3.739   104   3.155   110   4.749 
6   146   5.354   107   3.75   108   3.16   114   4.733 
6   100   5.275   92   3.728   74   3.165   120   4.623 
6   128   5.391   66   3.706   106   3.175   116   4.772 
6   160   5.378   62   3.701   68   3.16   130   4.669 
6   110   5.377   88   3.71   100   3.153   136   4.766 
6   114   5.397   86   3.713   76   3.167   106   4.73 
6   136   5.402   94   3.712   70   3.162   112   4.787 
6   108   5.385   74   3.74   118   3.176   55   4.783 
6   130   5.365   94   3.716   84   3.171   138   4.784 
6   128   5.353   78   3.706   72   3.155   130   4.752 
6   90   5.353   64   3.731   72   3.166   154   4.758 
6   102   5.393   80   3.732   90   3.129   120   4.654 
6   162   5.352   114   3.738   78   3.138   124   4.718 
6   112   5.396   78   3.728   88   3.124   126   4.772 
6   106   5.396   78   3.615   84   3.039   118   4.567 
6   124   5.403   60   3.653   84   3.122   1   4.718 
6   120   5.407   94   3.711   82   3.137   132   4.803 
7   166   5.555   116   3.644   106   3.083   146   4.824 
7   196   5.557   80   3.768   115   3.143   142   4.832 
7   180   5.542   100   3.754   130   3.131   154   4.912 
7   164   5.543   140   3.756   94   3.054   198   4.89 
7   154   5.545   124   3.761   94   3.206   172   5.009 
7   154   5.696   98   3.707   76   3.168   152   4.843 
7   152   5.576   110   3.616   116   3.112   148   4.823 
7   184   5.435   106   3.72   118   3.19   172   4.903 
7   170   5.552   98   3.74   94   3.182   180   4.929 
7   188   5.521   100   3.719   104   3.166   172   4.892 
7   144   5.51   128   3.772   108   3.17   176   4.753 
7   164   5.373   99   3.658   126   3.153   150   4.668 
7   160   5.436   94   3.669   116   3.153   164   4.779 
7   150   5.383   146   3.619   84   3.122   170   4.847 
7   140   5.477   118   3.744   108   3.139   188   4.851 
7   200   5.435   120   3.661   126   3.059   164   4.845 
7   144   5.491   90   3.733   106   3.115   158   4.855 
7   186   5.487   128   3.728   110   3.111   150   4.876 
7   186   5.478   88   3.727   118   3.119   230   4.858 
7   174   5.487   86   3.732   120   3.165   148   4.862 
7   189   5.481   110   3.718   102   3.157   156   4.816 
7   170   5.477   106   3.737   110   3.149   164   4.817 
7   146   5.495   82   3.725   104   3.148   154   4.637 
7   158   5.375   86   3.677   110   3.107   134   4.828 
7   172   5.448   108   3.713   102   3.075   164   4.878 
7   190   5.464   112   3.687   144   3.118   142   4.817 
7   152   5.454   104   3.671   112   3.084   170   4.843 
7   146   5.453   108   3.687   96   3.135   166   4.832 
7   172   5.459   104   3.632   102   3.19   169   4.935 
7   190   5.377   88   3.723   108   3.174   194   4.892 
7   160   5.4   110   3.648   118   3.175   186   4.917 
7   138   5.624   128   3.83   120   3.171   184   5.067 
7   152   5.556   92   3.836   122   3.229   174   5.014 
7   192   5.646   96   3.826   106   3.192   170   4.906 
7   162   5.531   104   3.786   68   3.183   174   4.994 
7   218   5.645   112   3.866   98   3.189   156   4.945 
7   208   5.681   106   3.773   118   3.225   150   4.942 
7   168   5.361   86   3.72   134   3.122   192   4.866 
7   188   5.488   112   3.734   98   3.123   164   4.553 
7   174   5.484   120   3.744   94   3.171   156   4.836 
7   156   5.479   110   3.453   132   3.167   176   4.835 
7   166   5.506   108   3.732   102   3.163   154   4.844 
7   160   5.509   82   3.755   98   3.158   132   4.847 
7   144   5.5   122   3.786   76   3.146   176   4.841 
7   162   5.515   162   3.675   104   3.147   188   4.769 
7   152   5.498   150   3.706   126   3.156   166   4.872 
7   152   5.502   94   3.71   114   3.157   156   4.921 
7   186   5.62   108   3.772   134   3.25   170   5.02 
7   178   5.341   122   3.695   102   3.189   160   4.927 
7   146   5.446   94   3.761   122   3.177   170   4.914 
7   134   5.514   126   3.742   98   3.177   154   4.918 
7   158   5.483   130   3.749   120   3.125   178   4.817 
7   162   5.438   88   3.733   86   3.138   192   4.851 
7   176   5.38   86   3.767   118   3.106   180   4.857 
7   182   5.484   110   3.722   102   3.126   136   4.864 
7   182   5.395   92   3.776   120   3.118   188   4.845 
7   134   5.35   146   3.757   100   3.108   154   4.819 
7   204   5.444   78   3.702   92   3.123   182   4.838 
7   140   5.478   110   3.709   70   3.134   162   4.783 
7   457   5.122   110   3.634   94   3.026   188   4.607 
7   196   5.465   120   3.705   136   3.071   170   4.849 
7   154   5.492   102   3.771   120   3.191   170   4.837 
7   142   5.439   82   3.69   86   3.099   150   4.896 
7   154   5.48   124   3.75   130   3.174   182   4.86 
7   170   5.472   112   3.693   124   3.153   142   4.877 
7   170   5.495   112   3.706   80   3.15   174   4.868 
7   144   5.465   108   3.682   126   3.162   160   4.878 
7   134   5.474   142   3.712   124   3.15   160   4.869 
7   176   5.426   124   3.675   130   3.152   158   4.861 
7   130   5.479   110   3.769   116   3.151   152   4.861 
7   166   5.482   94   3.724   114   3.158   186   4.857 
7   194   5.476   112   3.566   106   3.158   144   4.856 
7   186   5.449   118   3.772   132   2.951   144   4.855 
7   158   5.483   116   3.734   96   3.116   164   4.847 
7   184   5.495   114   3.737   80   3.117   160   4.825 
7   178   5.519   98   3.733   114   2.961   148   4.784 
7   160   5.505   92   3.693   128   3.146   192   4.884 
7   150   5.49   102   3.692   152   3.145   168   4.868 
7   164   5.489   134   3.719   106   3.155   182   4.867 
7   150   5.434   98   3.73   86   3.144   168   4.788 
7   148   5.485   116   3.744   78   3.148   160   4.849 
7   174   5.303   128   3.726   106   3.166   178   4.712 
7   138   5.479   100   3.716   126   3.154   146   4.842 
7   152   5.478   98   3.712   108   3.15   144   4.882 
7   160   5.456   112   3.693   150   3.125   136   4.852 
7   178   5.504   132   3.674   108   3.155   164   4.874 
7   184   5.485   102   3.696   106   3.164   178   4.856 
7   164   5.373   116   3.637   86   3.152   150   4.857 
7   146   5.447   90   3.695   86   3.151   170   4.868 
7   190   5.428   112   3.724   100   3.138   138   4.843 
7   152   5.431   122   3.738   110   3.161   190   4.884 
7   180   5.375   102   3.764   108   3.152   132   4.884 
7   156   5.487   118   3.745   102   3.126   162   4.855 
7   184   5.499   120   3.734   124   3.172   156   4.744 
7   188   5.49   118   3.736   102   3.195   128   5.043 
7   202   5.57   140   3.675   114   3.174   156   4.928 
7   140   5.62   111   3.826   72   3.229   168   4.816 
7   170   5.596   92   3.723   124   3.186   148   4.902 
7   158   5.621   78   3.569   90   3.205   158   4.902 
7   160   5.542   106   3.794   120   3.186   154   4.885 
8   230   5.859   138   3.726   114   3.255   162   5.053 
8   208   5.54   132   3.851   114   3.1   181   4.842 
8   204   5.65   130   3.75   132   3.176   180   4.923 
8   202   5.668   102   3.808   122   3.058   202   4.975 
8   220   5.636   128   3.691   116   3.127   188   4.969 
8   186   5.638   148   3.748   86   3.188   206   4.879 
8   194   5.676   120   3.703   162   3.155   184   4.988 
8   216   5.666   160   3.723   146   3.157   202   4.972 
8   184   5.619   120   3.736   192   3.155   242   4.974 
8   210   5.527   100   3.754   110   3.171   222   4.976 
8   218   5.635   122   3.657   108   3.162   180   4.928 
8   168   5.668   116   3.755   116   2.881   196   4.964 
8   218   5.677   172   3.766   114   3.126   176   4.977 
8   202   5.663   134   3.738   118   3.108   212   4.955 
8   212   5.675   138   3.738   118   3.128   176   4.949 
8   208   5.894   128   3.755   144   3.26   226   5.071 
8   200   5.751   132   3.786   124   3.143   188   4.974 
8   198   5.663   150   3.682   104   3.178   215   4.997 
8   182   5.748   118   3.777   114   3.193   176   5.014 
8   184   5.727   124   3.773   136   3.179   204   5.004 
8   266   5.736   96   3.767   149   3.186   220   5.009 
8   226   5.717   142   3.762   134   3.192   226   5.076 
8   168   5.696   116   3.681   128   3.183   148   4.963 
8   178   5.747   126   3.751   90   3.19   180   5.038 
8   176   5.763   116   3.735   148   3.17   162   4.966 
8   216   5.748   134   3.743   118   3.187   198   5.03 
8   208   5.757   98   3.797   116   3.075   178   5.018 
8   186   5.529   158   3.784   156   3.181   202   4.913 
8   200   5.409   102   3.649   150   3.269   230   5.098 
8   188   5.781   135   3.88   100   3.259   190   5.152 
8   232   5.873   152   3.808   126   3.233   212   4.973 
8   214   5.824   114   3.613   134   3.183   206   5.013 
8   224   5.677   152   3.752   122   3.118   203   4.898 
8   232   5.686   122   3.755   150   3.129   206   4.994 
8   150   5.698   132   3.731   150   3.039   218   4.898 
8   156   5.687   128   3.776   80   3.186   192   4.898 
8   216   5.621   112   3.656   124   3.169   196   4.968 
8   188   5.593   120   3.742   114   3.156   202   4.95 
8   218   5.694   146   3.732   130   3.164   194   4.81 
8   200   5.698   106   3.8   157   3.186   198   4.957 
8   222   5.702   104   3.765   134   3.191   198   4.993 
8   196   5.673   158   3.718   124   3.086   206   5.002 
8   200   5.665   102   3.729   132   3.23   212   4.984 
8   176   5.831   158   3.789   110   3.185   190   5.082 
8   170   5.839   146   3.786   132   3.069   232   4.822 
8   182   5.678   124   3.745   116   3.145   220   4.868 
8   224   5.622   128   3.74   140   3.145   192   4.979 
8   180   5.619   120   3.733   136   3.107   200   4.968 
8   194   5.633   128   3.746   128   3.135   200   4.969 
8   188   5.693   111   3.762   144   3.146   198   4.974 
8   204   5.666   118   3.748   138   3.134   226   5.003 
8   224   5.67   118   3.735   178   3.144   182   4.899 
8   214   5.678   123   3.72   134   3.191   232   4.989 
8   198   5.679   102   3.729   151   3.14   220   5.005 
8   184   5.705   150   3.641   124   3.196   200   4.963 
8   164   5.699   138   3.783   134   3.037   176   5.015 
8   204   5.737   114   3.803   110   3.19   196   4.999 
8   202   5.795   156   3.699   130   3.168   206   4.971 
8   204   5.709   128   3.667   122   3.171   218   4.968 
8   184   5.708   140   3.738   118   3.145   200   4.994 
8   214   5.676   134   3.707   130   3.184   162   4.972 
8   206   5.665   174   3.738   120   3.147   186   4.958 
8   186   5.679   117   3.705   136   3.155   196   4.963 
8   222   5.634   118   3.662   98   3.167   202   4.957 
8   196   5.616   120   3.724   130   3.173   204   4.978 
8   166   5.638   124   3.779   130   3.161   192   4.963 
8   186   5.653   116   3.749   148   3.137   196   4.969 
8   205   5.688   116   3.74   120   3.13   176   4.965 
8   218   5.674   128   3.645   140   3.122   166   4.888 
8   220   5.693   152   3.759   120   3.101   228   4.959 
8   212   5.67   128   3.746   112   3.11   188   4.956 
8   168   5.623   110   3.763   122   3.061   212   4.969 
8   186   5.762   112   3.657   145   3.219   182   5.104 
8   240   5.834   108   3.847   160   3.252   194   5.087 
8   204   5.91   128   3.826   156   3.233   184   5.137 
8   204   5.853   146   3.802   142   3.296   184   5.072 
8   166   5.826   132   3.793   150   3.187   214   5.014 
8   192   5.898   102   3.817   162   3.203   210   5.077 
8   176   5.829   114   3.786   114   3.18   158   5.036 
8   202   5.667   130   3.728   130   3.169   186   5.039 
8   192   5.763   102   3.727   110   3.182   204   5.023 
8   200   5.755   112   3.729   166   3.172   234   5.05 
8   254   5.728   86   3.743   152   3.191   172   5.04 
8   216   5.705   112   3.775   172   3.205   206   5.007 
8   206   5.701   126   3.787   140   3.187   212   5.065 
8   224   5.643   94   3.776   118   3.092   186   5.031 
8   156   5.708   158   3.796   124   3.144   186   5.043 
8   244   5.775   132   3.777   118   3.145   176   5.043 
8   222   5.874   118   3.809   112   3.189   194   5.063 
8   162   5.776   118   3.83   122   3.236   198   5.126 
8   166   5.866   108   3.889   112   3.182   204   5.145 
8   190   5.659   160   3.891   118   3.231   208   4.898 
8   230   5.762   132   3.8   130   3.168   192   4.986 
8   192   5.773   148   3.772   116   3.178   184   4.969 
8   206   5.585   136   3.744   140   3.081   169   4.92 
8   234   5.651   144   3.749   136   3.161   178   4.94 
8   160   5.661   136   3.718   134   3.126   180   4.844 
8   207   5.63   160   3.442   124   3.105   202   4.98 
8   244   5.678   144   3.704   142   3.169   214   4.876 
8   168   5.617   128   3.711   108   3.158   224   4.95 
9   214   5.782   150   3.751   180   3.218   190   5.199 
9   210   5.784   158   3.766   186   3.181   250   5.183 
9   226   5.768   118   3.771   126   3.399   172   5.334 
9   190   5.939   148   3.923   130   3.235   236   5.301 
9   210   6.046   106   3.75   108   3.253   196   5.277 
9   252   5.966   168   3.902   139   3.203   208   5.214 
9   246   5.739   134   3.849   170   3.161   240   5.184 
9   246   5.81   134   3.796   138   3.143   216   5.166 
9   246   5.817   134   3.786   152   3.126   252   5.174 
9   226   5.808   126   3.817   164   3.116   212   5.045 
9   200   5.813   108   3.793   158   3.162   250   5.138 
9   220   5.792   132   3.609   148   3.182   250   5.145 
9   240   5.759   168   3.8   146   3.184   254   5.164 
9   260   5.796   148   3.774   138   3.209   228   5.093 
9   190   5.782   134   3.767   138   3.209   224   5.148 
9   261   5.754   146   3.778   172   3.182   260   5.149 
9   220   5.791   134   3.755   114   3.186   218   5.152 
9   218   5.686   124   3.742   123   3.166   224   5.075 
9   204   5.79   126   3.76   116   3.187   232   5.111 
9   231   5.773   154   3.747   128   3.195   230   5.179 
9   210   5.77   134   3.673   174   3.184   234   5.172 
9   266   5.736   148   3.592   124   3.173   254   5.031 
9   243   5.813   140   3.779   140   3.151   258   5.171 
9   230   5.653   168   3.796   156   3.228   238   5.197 
9   184   5.837   130   3.803   134   3.156   194   5.194 
9   246   5.812   144   3.798   158   3.129   192   5.178 
9   266   5.746   106   3.803   167   3.084   250   5.195 
9   204   5.795   190   3.788   126   3.143   266   5.178 
9   282   5.841   177   3.691   158   3.166   240   5.192 
9   238   5.824   142   3.7   138   3.155   252   5.196 
9   274   5.817   126   3.801   182   3.193   224   5.161 
9   264   5.814   126   3.779   120   3.201   243   5.163 
9   208   5.825   162   3.699   146   3.199   214   5.186 
9   198   5.809   146   3.786   154   3.115   228   5.071 
9   240   5.813   142   3.649   150   3.188   230   5.173 
9   230   5.798   127   3.74   146   3.193   238   5.202 
9   262   5.792   138   3.705   136   2.921   242   5.194 
9   186   5.631   130   3.671   148   3.203   222   5.207 
9   228   5.825   112   3.784   122   3.13   258   5.201 
9   238   5.825   164   3.766   138   3.194   224   5.196 
9   214   5.771   152   3.795   132   3.209   238   5.207 
9   212   5.639   130   3.785   174   3.138   212   5.117 
9   210   5.778   160   3.618   146   3.214   242   5.129 
9   279   5.774   126   3.782   144   3.146   232   5.198 
9   210   5.831   140   3.882   136   3.178   212   5.011 
9   228   5.842   118   3.787   156   3.166   230   5.019 
9   232   5.825   140   3.807   128   3.078   178   5.195 
9   274   5.796   102   3.807   172   3.153   240   5.204 
9   242   5.708   188   3.73   128   3.176   222   5.211 
9   234   5.817   138   3.787   178   3.274   224   5.339 
9   230   5.962   168   3.892   156   3.234   192   5.315 
9   276   6.029   130   3.939   138   3.321   228   5.143 
9   222   5.804   134   3.792   164   3.194   254   5.166 
9   266   5.817   176   3.795   136   3.177   237   5.183 
9   214   5.812   192   3.753   150   3.163   250   5.062 
9   246   5.733   128   3.75   140   3.238   198   5.113 
9   200   5.822   146   3.741   118   3.169   222   5.189 
9   236   5.841   154   3.756   138   3.185   240   5.207 
9   214   5.718   132   3.75   118   3.19   230   5.18 
9   210   5.776   112   3.788   134   3.199   244   5.188 
9   214   5.82   138   3.781   170   3.201   238   5.219 
9   214   5.795   152   3.815   120   3.2   214   5.18 
9   244   5.543   160   3.815   142   3.229   224   5.096 
9   230   5.799   142   3.762   150   3.124   220   5.169 
9   188   5.789   132   3.733   146   3.142   258   5.19 
9   250   5.831   132   3.784   164   3.157   256   5.173 
9   190   5.752   164   3.586   150   2.919   208   5.181 
9   188   5.693   172   3.781   166   3.157   258   5.171 
9   198   5.899   158   3.901   168   3.325   220   5.214 
9   232   5.575   150   3.784   106   3.054   230   5.132 
9   218   5.633   148   3.717   140   3.173   208   5.141 
9   202   5.799   138   3.782   136   3.284   227   5.083 
9   201   5.781   112   3.762   142   3.193   232   5.062 
9   232   5.791   160   3.78   140   3.188   250   5.177 
9   238   5.802   110   3.728   168   3.106   221   5.165 
9   182   5.405   162   3.739   134   3.051   246   5.164 
9   227   5.804   174   3.759   120   3.182   200   5.148 
9   226   5.8   156   3.751   144   3.187   224   5.174 
9   204   5.77   124   3.74   154   3.177   248   5.232 
9   214   5.867   160   3.828   178   3.217   208   5.26 
9   220   5.676   138   3.823   167   3.213   222   5.221 
9   282   5.766   172   3.824   138   3.141   254   5.297 
9   212   5.888   148   3.817   152   3.195   208   5.267 
9   203   5.963   192   3.827   120   3.214   228   5.348 
9   244   5.847   124   3.906   128   3.199   256   5.387 
9   182   5.915   100   3.834   115   3.193   234   5.3 
9   230   5.909   174   3.974   156   3.173   222   5.225 
9   258   5.818   158   3.723   108   3.155   228   5.21 
9   248   5.826   168   3.805   172   3.203   198   5.168 
9   226   5.843   158   3.8   172   3.201   252   5.151 
9   202   5.834   114   3.791   140   3.196   238   5.069 
9   226   5.822   120   3.798   172   3.203   218   4.904 
9   236   5.831   164   3.809   124   3.206   200   4.918 
9   234   5.829   164   3.785   136   3.24   202   5.191 
9   230   5.82   120   3.748   136   3.19   222   5.191 
9   246   5.842   176   3.771   174   3.208   234   5.192 
9   196   5.843   132   3.69   152   3.186   220   5.205 
9   214   5.831   156   3.765   148   3.262   216   5.21 
9   230   5.793   122   3.809   136   3.142   234   5.202 
9   220   5.793   150   3.849   150   3.192   232   5.202 
10   240   5.825   158   3.82   164   3.216   230   5.288 
10   218   5.881   146   3.809   188   3.181   243   5.28 
10   262   5.923   180   3.826   156   3.179   232   5.265 
10   254   5.927   158   3.816   136   3.204   224   5.272 
10   224   5.789   140   3.827   140   3.168   268   5.089 
10   256   5.947   182   3.818   184   3.208   224   5.3 
10   230   5.814   171   3.791   158   3.196   290   5.316 
10   222   5.927   148   3.827   154   3.216   244   5.272 
10   238   5.883   146   3.79   166   3.136   258   5.212 
10   280   5.82   136   3.804   132   3.177   248   5.212 
10   251   5.841   184   3.793   174   3.21   248   5.231 
10   256   5.818   138   3.777   180   3.179   250   5.226 
10   252   5.894   168   3.801   177   3.168   234   5.043 
10   216   5.892   162   3.766   164   3.191   246   5.193 
10   236   5.873   164   3.76   124   3.154   244   5.232 
10   224   5.891   154   3.77   136   3.197   260   5.248 
10   230   5.906   162   3.945   134   3.213   276   5.256 
10   266   5.73   146   3.523   165   3.193   246   5.269 
10   224   5.846   144   3.809   174   3.054   236   5.256 
10   244   5.868   146   3.807   192   3.218   226   5.276 
10   256   5.642   134   3.821   154   3.154   254   5.263 
