4   1529.778   1442.266   4.024   726.9741   687.2346   3.615   1396.552   1348.889   4.248 
4   1620.072   1486.294   3.841   694.8833   634.6738   3.608   1468.399   1392.959   4.255 
4   1645.808   1588.828   3.796   680.5908   616.2929   3.618   1389.706   1320.563   4.235 
4   1622.777   1572.646   3.828   670.7102   642.6615   3.612   1411.01   1228.406   4.209 
4   1609.785   1582.677   3.848   686.5302   639.4906   3.603   1438.787   1247.898   4.234 
4   1585.133   1525.85   3.848   721.2749   691.2524   3.617   1392.765   1324.731   4.201 
4   1589.83   1559.616   3.905   720.7025   679.7757   3.594   1437.373   1307.795   4.219 
4   1597.165   1553.514   3.887   665.3455   624.6271   3.607   1457.007   1379.831   4.207 
4   1593.417   1537.076   3.855   702.1913   628.3985   3.629   1422.106   1305.985   4.184 
4   1731.148   1596.466   3.866   701.3926   641.2192   3.663   1488.094   1364.103   4.173 
4   1597.408   1470.95   3.771   736.4438   705.1327   3.413   1630.123   1590.518   4.236 
4   1772.278   1668.604   3.853   743.6984   701.7246   3.647   1614.28   1544.284   4.283 
4   1664.08   1616.557   3.8   754.8741   691.7776   3.631   1675.625   1657.997   4.242 
4   1575.229   1504.679   3.826   758.1647   714.1408   3.64   1567.079   1505.27   4.242 
4   1634.058   1591.875   3.845   749.1776   740.1748   3.617   1651.473   1576.074   4.244 
4   1634.531   1558.025   3.853   837.7091   784.9807   3.639   1582.294   1521.633   4.217 
4   1650.942   1532.838   3.893   729.8398   723.3763   3.614   1651.399   1575.065   4.212 
4   1617.477   1565.572   3.875   740.1776   530.9831   3.621   1554.046   1544   4.212 
4   1557   1461.93   3.866   756.68   680.8787   3.651   1664.925   1296.514   4.208 
4   1650.218   1617.241   3.873   753.8347   714.4565   3.662   1686.204   1560.18   4.213 
8   1141.977   1055.035   4.114   380.3121   332.8601   3.97   953.6961   866.8982   4.681 
8   1126.03   1064.657   4.099   400.4083   359.7422   3.953   959.9258   904.2603   4.703 
8   1176.157   1099.46   4.101   385.8128   357.8946   3.932   967.7865   930.3891   4.691 
8   1124.64   1047.133   4.134   395.9788   365.2822   3.94   967.2602   895.1683   4.679 
8   1152.674   1107.751   4.186   395.6727   369.5003   3.932   992.0422   946.604   4.678 
8   1149.058   1064.158   4.15   401.7197   385.9409   3.976   942.0615   897.4769   4.664 
8   1093.399   1054.761   4.154   406.509   362.735   4.004   966.5907   944.1447   4.65 
8   1184.61   1125.637   4.148   407.4666   370.3951   3.979   966.649   875.3372   4.729 
8   1112.797   1012.036   4.11   389.0087   350.8589   3.973   943.1055   862.545   4.706 
8   1107.972   1044.153   4.099   419.7026   350.9051   3.956   983.9041   955.8043   4.684 
16   724.59   627.3796   4.819   204.827   161.0499   4.586   393.5835   327.1854   5.527 
16   736.3566   696.1268   4.849   200.5988   156.9305   4.544   395.7789   373.4634   5.575 
16   764.9942   685.838   4.809   209.7517   175.1246   4.593   408.7073   327.6736   5.63 
16   759.0681   707.0283   4.792   200.8438   176.2678   4.583   423.1769   383.3832   5.693 
16   778.2114   706.0866   4.758   207.4938   184.5265   4.589   434.3862   380.4989   5.641 
16   761.7008   664.9186   4.826   199.9111   165.139   4.589   406.8624   349.4546   5.615 
16   780.9499   726.0409   4.785   202.4221   178.4975   4.616   397.8395   290.9239   5.633 
16   754.8549   677.1981   4.863   212.26   184.7436   4.625   419.2583   371.2286   5.648 
16   740.114   674.5792   4.866   204.5889   139.5186   4.673   432.1645   378.4505   5.608 
16   770.1452   678.1695   4.862   195.1163   166.7716   4.659   410.3689   378.6384   5.671 
32   497.7955   400.6321   6.853   120.9496   77.16265   6.255   150.5579   101.8263   8.399 
32   497.9652   458.9763   6.861   111.288   85.37493   6.381   151.81   111.3744   8.571 
32   511.0513   419.5316   6.964   120.4247   81.46681   6.365   147.116   117.2783   8.483 
32   492.8873   434.6073   6.934   118.6079   83.75414   6.328   146.0078   118.1631   8.559 
32   493.7403   441.3625   6.872   127.118   92.54448   6.361   151.2614   110.7811   8.502 
32   487.8568   384.5381   6.915   115.2497   87.2671   6.425   157.3741   122.6584   8.548 
32   478.5935   400.888   6.92   119.501   82.52458   6.35   153.3628   116.4256   8.514 
32   492.9398   434.1127   6.891   120.3285   87.16954   6.402   151.3556   126.2974   8.539 
32   464.2453   350.8045   6.942   119.5048   84.09229   6.42   153.0556   125.3686   8.564 
32   493.9777   436.0395   6.866   119.5334   74.84938   6.352   151.3257   98.41184   8.545 
64   345.5323   281.1149   14.875   86.39832   60.10745   11.872   92.02075   58.29998   18.497 
64   341.949   263.4535   15.152   85.20231   64.86458   11.935   95.2021   55.58222   18.517 
64   350.5399   252.041   15.163   86.82805   64.98354   11.952   89.07541   68.09412   18.588 
64   347.5828   283.751   15.072   81.56194   58.64193   12.025   93.52757   57.60099   18.591 
64   347.1385   221.291   15.173   83.20993   57.13025   11.939   87.4232   65.72474   18.509 
64   338.6136   230.9735   15.053   85.31202   54.67281   11.97   90.56469   64.71056   18.426 
64   339.3553   243.9905   14.965   87.34217   59.96092   11.857   97.05223   74.40697   18.411 
64   345.9761   262.3727   14.984   84.36333   54.24107   11.896   88.25979   45.18018   18.462 
64   351.2886   256.8938   14.975   87.37516   61.80735   11.821   92.16862   63.55499   18.423 
64   339.9107   281.1589   15.112   84.54769   53.38673   11.866   91.4862   64.86969   18.409 
128   322.1386   224.5286   50.5   54.14547   37.63904   34.77   54.766   33.50405   59.603 
128   325.7758   208.4241   49.535   53.14074   33.36728   33.987   53.93825   33.68796   59.808 
128   319.0694   232.6727   49.563   55.41552   31.70093   34.244   53.83333   39.71264   60.03 
128   315.1956   197.7541   49.277   56.42565   39.17935   33.775   54.72554   33.59774   59.485 
128   321.5755   241.3834   49.905   55.64739   37.57701   33.876   57.177   38.44023   59.942 
128   322.4672   216.4797   51.238   53.3818   37.68716   33.978   55.57078   36.79873   60.274 
128   325.2209   228.2304   49.979   53.55481   36.66258   33.717   59.61578   34.24189   59.667 
128   324.5571   235.8907   49.405   51.37375   30.53819   34.376   54.33599   34.84693   60.347 
128   320.2513   222.6036   49.919   55.37444   39.43159   33.662   59.1354   36.99008   59.338 
128   321.3123   184.9529   49.108   54.72096   34.04819   33.47   52.13447   36.98392   60.55 
256   331.2203   175.8638   199.551   32.0475   19.28098   116.781   33.42637   14.15109   234.1 
256   330.556   199.8952   201.133   35.60465   15.66257   114.171   32.8288   18.8189   225.926 
256   324.7418   214.601   196.913   32.96418   19.51745   114.316   32.44776   17.2951   223.733 
256   339.5742   239.819   196.888   34.38088   22.39626   112.305   33.95335   20.81111   225.307 
256   323.5862   219.9513   194.904   33.19194   20.98045   113.101   34.35139   16.36943   220.479 
256   335.9583   197.6787   192.71   35.0391   19.52002   110.723   34.2476   17.89616   218.41 
256   336.7233   229.066   191.873   34.03288   20.89605   114.936   32.81856   17.97305   227.958 
256   333.9274   227.405   195.812   33.26671   19.66798   113.01   31.23818   20.2954   224.009 
256   339.7359   241.9414   191.804   34.33112   17.43928   110.032   31.63678   19.40399   217.27 
256   336.5314   239.4027   191.075   32.64144   20.10544   110.733   34.5721   18.74505   226.187 
512   351.1184   254.2525   1090.558   18.4761   8.367211   468.873   19.31791   9.917229   1028.365 
512   350.2177   251.9997   1081.085   18.90979   10.07092   480.404   19.77071   12.24556   974.413 
512   352.1501   256.405   1111.939   21.08903   10.7309   466.6   20.58866   11.6302   1000.312 
512   351.7107   195.1552   1408.829   18.4176   10.10511   861.701   18.67503   9.355341   1765.858 
512   348.5097   231.3374   1895.773   16.89455   7.88185   796.548   19.21437   8.974857   1688.212 
512   356.62   244.7675   1669.107   20.40245   10.24245   684.933   20.80176   9.894984   1469.96 
512   354.3755   200.2856   1556.291   20.49522   11.27422   673.918   20.86585   9.682887   1425.759 
512   353.7084   237.1437   1562.899   19.45707   9.596021   443.715   20.33601   8.82724   918.296 
512   348.5073   265.2314   1021.108   19.81827   12.2534   443.41   20.79811   11.75525   919.801 
512   351.9035   232.8751   1052.224   19.41349   10.18945   461.842   19.21937   9.848082   952.928 
