4   1714.549   1688.693   7.876   671.4077   651.9868   7.482   1616.277   1555.129   8.77 
4   1621.833   1584.83   7.45   720.3145   688.8307   7.566   1628.734   1473.037   8.805 
4   1585.088   1429.935   7.36   668.3823   650.9598   7.382   1647.574   1558.682   8.829 
4   1538.316   1486.002   7.45   667.4767   642.2522   7.56   1650.342   1567.427   8.822 
4   1674.735   1556.304   7.51   737.3026   691.9023   7.458   1633.331   1467.7   8.728 
4   1632.732   1522.536   7.56   708.8587   663.9023   7.412   1672.122   1564.295   8.659 
4   1583.308   1400.011   7.328   711.6837   621.4557   7.442   1626.838   1483.051   8.651 
4   1681.536   1598.782   7.373   673.2149   618.8993   7.566   1624.601   1401.581   8.777 
4   1614.826   1578.726   7.569   687.1106   661.5094   7.64   1627.965   1550.178   8.808 
4   1567.714   1462.943   7.463   651.1693   614.2753   7.623   1563.42   1359.763   8.944 
8   1138.802   1045.714   8.424   366.7476   270.8778   8.238   600.0133   447.6316   9.635 
8   1141.237   1096.06   8.485   342.5327   294.6905   8.125   576.8876   439.9363   9.701 
8   1168.311   1099.634   8.13   359.6271   298.387   8.086   605.8965   478.651   9.543 
8   1099.875   1079.109   8.514   337.6793   313.8616   8.166   596.3462   536.4649   9.464 
8   1148.188   952.3198   8.51   361.294   338.414   8.234   510.8552   470.6563   9.61 
8   1101.168   1024.507   8.422   340.9771   313.9894   8.223   575.2654   540.7701   9.642 
8   1148.447   1057.524   8.433   355.6259   313.9449   8.026   518.9847   455.5936   9.824 
8   1192.333   1018.263   8.4   325.5321   295.9309   8.199   552.6771   493.5974   9.653 
8   1146.178   1088.103   8.463   368.5241   347.2392   8.219   590.7613   546.5343   9.816 
8   1120.841   1060.412   8.561   355.8039   308.8584   8.125   560.9194   521.0471   9.691 
16   767.2663   606.0294   9.626   187.362   145.6326   9.195   129.2708   97.94097   11.683 
16   759.0463   628.5302   9.679   180.2023   151.3076   9.277   131.6636   89.47402   11.693 
16   724.0304   655.4952   9.542   186.8082   157.7275   9.176   136.4373   120.5364   11.823 
16   757.7303   669.1954   9.452   174.1193   151.0007   9.057   132.4579   109.4545   11.872 
16   736.5371   633.1437   9.552   186.3845   162.356   9.097   127.6658   110.685   11.614 
16   744.3924   668.5363   9.57   179.5624   145.9827   9.171   135.5279   102.0604   11.657 
16   760.5922   632.5718   9.522   181.6133   149.3034   9.375   139.9876   110.6306   11.851 
16   754.2252   701.3783   9.559   173.7062   144.5291   9.208   131.2147   118.5009   11.727 
16   749.3474   623.6481   9.448   180.566   146.9641   8.996   126.7643   108.8481   11.886 
16   740.601   690.0561   9.625   173.4764   150.7826   9.206   134.6246   108.4364   11.776 
32   484.6902   398.4496   13.947   103.4015   68.3601   12.977   35.79188   24.42124   17.072 
32   494.7508   417.7539   13.697   100.7046   81.85561   12.796   36.63941   20.7643   17.445 
32   489.3944   426.9982   13.751   99.97144   84.15541   12.792   40.812   30.75562   17.43 
32   490.0403   423.5124   13.731   104.0145   78.34191   12.668   42.27433   29.92302   17.091 
32   504.2984   424.3127   14.054   104.1827   65.73108   12.994   43.29507   29.70787   17.124 
32   485.1697   460.979   13.617   100.623   68.65902   13.165   41.50162   32.09286   17.246 
32   500.6507   431.5163   13.53   99.10134   77.22163   12.555   37.49974   28.12449   17.455 
32   493.5752   459.7107   13.795   99.95834   78.14893   12.913   36.65007   26.22168   17.47 
32   503.9981   423.7572   13.707   99.63043   72.7798   12.604   40.36232   28.44149   17.554 
32   476.9719   371.706   13.92   105.0899   75.98426   13.001   44.06065   30.6752   17.491 
64   348.3817   229.8653   30.005   70.1468   49.93727   23.058   13.82708   8.521587   37.455 
64   343.3221   238.5065   30.6   69.4537   48.71585   23.135   14.06511   9.054103   37.762 
64   362.2176   286.3721   30.745   67.6433   28.79462   23.535   14.0622   8.717947   37.612 
64   341.7542   200.8574   30.489   65.29744   45.14875   23.79   15.13359   8.032221   37.834 
64   337.0788   250.687   31.106   66.15165   41.04269   23.258   14.76208   9.000617   37.297 
64   354.7072   280.4998   30.367   66.81243   48.9219   23.327   13.59746   8.41469   37.51 
64   348.2508   291.5928   30.292   67.63603   37.60231   23.413   15.24247   10.14721   37.315 
64   354.2968   214.6169   31.365   64.6513   31.18341   23.43   16.62022   11.78816   37.844 
64   350.2365   259.2695   30.361   69.66586   48.95525   23.75   14.99761   7.871222   37.805 
64   345.0096   291.4132   30.417   66.80844   46.17604   23.343   14.08175   10.0399   37.184 
128   324.5086   161.4958   102.835   44.61286   27.9422   65.062   6.435904   2.755378   123.747 
128   321.8655   214.1975   101.665   49.11097   32.27156   65.936   7.370303   3.126246   122.337 
128   320.6489   157.5039   101.034   48.38807   32.55466   65.465   6.702917   3.3137   121.916 
128   321.0493   200.8762   100.471   45.90133   30.73126   66.232   6.731709   3.142234   124.413 
128   326.2861   178.6122   101.871   48.13453   28.29176   66.607   5.884845   2.674825   122.935 
128   321.2707   253.9151   101.816   43.74605   28.80809   66.853   6.235228   2.848394   126.748 
128   320.1845   210.9134   102.466   45.13936   25.22475   67.148   5.347523   3.271961   123.192 
128   327.0028   221.7927   100.698   44.1604   28.90174   65.927   7.062644   3.035653   123.374 
128   317.6816   232.6539   103.568   46.69347   30.696   66.989   7.291367   3.879882   123.508 
128   312.5352   250.8578   100.649   44.97959   28.48225   65.485   6.511576   3.735093   122.326 
256   327.0539   246.4807   401.19   31.78958   16.0514   224.678   4.161117   1.377409   460.96 
256   329.0911   220.5074   396.043   31.22893   19.80899   223.58   3.529521   1.062654   454.948 
256   333.1956   242.6353   387.006   31.09971   20.46096   199.428   4.196246   1.207067   413.116 
256   332.6634   220.0385   355.515   29.41641   18.60414   201.163   5.05402   2.105245   405.549 
256   332.4606   248.224   354.637   30.61471   19.76716   196.217   3.946506   1.839497   404.517 
256   333.9911   247.88   353.846   29.15522   16.34242   204.353   4.878868   1.708932   408.294 
256   331.9778   239.6198   355.132   30.09335   19.08208   197.739   3.942233   0.9940999   405.246 
256   328.6502   222.7117   358.31   29.94098   17.31244   199.343   4.237298   1.367988   408.7 
256   329.7789   191.5222   359.34   29.49731   19.53934   206.64   4.113733   1.291819   409.008 
256   336.1121   234.952   355.311   30.28739   19.43607   199.157   4.105591   1.090809   402.294 
512   353.6051   233.4664   1943.266   19.02741   9.736747   835.683   4.410582   0.9209905   1847.915 
512   349.1168   172.7763   1922.548   19.67622   9.28248   850.355   4.062316   0.7133429   1827.008 
512   348.0087   251.8596   1946.376   19.63421   8.435565   834.623   3.821344   0.9422924   1823.124 
512   353.6378   240.7623   1920.63   19.04805   12.19025   832.544   4.174771   1.360101   1828.663 
512   346.1052   253.1257   1924.082   19.32695   11.14274   829.795   3.831776   0.8855912   1823.951 
512   352.0393   229.7902   1896.86   19.2279   10.78023   795.913   3.840811   0.8896565   1768.122 
512   353.4728   250.5158   1868.173   19.13039   10.91305   779.498   3.82116   1.070445   1705.724 
512   349.6515   240.1779   1861.02   18.82787   9.391024   781.232   3.572037   1.052923   1703.038 
512   353.7549   211.6866   1831.618   19.10463   10.09023   789.254   3.425082   0.8055747   1738.086 
512   345.296   207.1039   1886.015   19.03958   12.22183   785.911   3.501406   0.6873774   1704.891 
