vanilla  1200.199   134.22   1409.125   661.1706   2679.356   400.2205   2181   309.142 
precond  1380.74   796.0376   3617.632   1069.833   3923.582   322.2972   2000   322.19 
vanilla  1213.656   259.7844   2654.454   472.0279   3262.572   399.5038   1799   309.229 
precond  1232.321   782.1556   4304.661   1121.414   4001.578   228.0493   1944   321.307 
vanilla  1251.29   293.2933   1625.706   699.6383   3459.294   416.5533   1929   308.487 
precond  908.5163   369.6231   2348.345   868.7282   3494.883   175.8825   2036   325.402 
vanilla  1375.609   363.5674   4280.229   905.6138   4241.343   426.5921   1752   307.092 
precond  1087.847   664.2054   4800.254   878.6052   3546.893   234.0531   1842   322.503 
vanilla  1174.88   335.7143   2684.543   865.9117   3784.772   388.92   1884   308.368 
precond  1355.874   757.9572   3936.137   967.75   4673.588   238.133   2127   320.454 
vanilla  1100.6   197.5349   1569.789   515.4345   3566.172   297.4213   1986   308.278 
precond  1376.357   637.936   3721.424   1051.939   3892.63   298.6118   2011   321.816 
vanilla  1278.341   262.7611   3015.165   839.3575   3753.733   437.7058   2075   308.025 
precond  1202.862   527.6486   4280.991   933.4847   3254.158   202.0947   2498   322.812 
vanilla  1138.922   240.8714   3128.632   620.9678   3349.943   362.9352   1920   309.51 
precond  1293.823   864.9879   3680.231   844.3674   3768   292.2133   1521   323.004 
vanilla  1149.656   288.1882   3587.964   573.3052   2966.599   345.8912   2109   309.242 
precond  1038.408   678.189   2833.906   755.5149   3813.216   212.4601   2087   323.348 
vanilla  1280.504   97.24598   431.0143   770.6207   3099.772   318.3721   2069   309.554 
precond  1334.427   860.8006   3405.476   924.1363   3651.76   275.6171   1742   321.794 
vanilla  1289.002   266.9772   2223.714   635.1694   2946.522   425.4824   1779   306.95 
precond  1450.351   974.4082   4108.821   1177.254   3799.067   380.8598   1770   321.167 
vanilla  1373.672   378.3219   4241.096   793.908   4261.109   477.3429   1480   306.637 
precond  1250.065   701.0155   2765.024   805.168   4119.606   337.8752   1592   323.247 
vanilla  1269.21   259.2232   2268.827   623.4007   3276.347   308.7432   1693   308.315 
precond  1140.17   654.3443   3285.587   910.102   3339.506   232.641   1685   322.128 
vanilla  1275.634   280.7381   1795.785   848.7758   4019.402   410.2135   1751   306.914 
precond  1227.283   853.8331   3503.984   1132.502   3870.323   271.2358   1643   321.376 
vanilla  1407.973   157.2317   1099.53   910.6671   4449.676   435.3063   1998   307.045 
precond  1094.273   588.6781   3453.308   872.7391   3342.336   208.8601   2019   322.328 
vanilla  1158.373   141.0724   1357.613   612.1993   3300.387   303.3872   1869   308.437 
precond  1193.344   671.4513   3122.29   933.6192   3476.606   306.5226   1631   320.33 
vanilla  1063.627   162.6819   1439.309   777.4095   2835.745   315.8768   2012   308.751 
precond  1351.045   977.911   4191.053   1134.802   3841.963   296.1996   1852   322.111 
vanilla  1251.185   377.8135   3154.618   683.8163   3453.187   383.7527   2045   306.824 
precond  1322.947   782.1062   2985.638   1135.691   3196.56   315.655   2078   321.696 
vanilla  1176.13   233.8273   2520.814   613.169   3520.895   322.7154   1801   308.284 
precond  1389.193   841.0515   3765.475   1114.684   3575.391   299.0135   1975   324.62 
vanilla  1189.654   244.3672   2458.844   547.351   3658.102   371.3152   1974   307.889 
precond  1215.072   758.4948   3842.38   854.1901   3631.609   222.241   2184   324.141 
vanilla  1203.23   267.719   2515.354   747.6704   4070.416   296.7925   1862   308.696 
precond  1016.615   641.7216   2805.667   701.9348   3339.159   188.2263   1931   325.627 
vanilla  1268.079   297.0099   2820.907   682.9139   3878.434   371.8969   1742   308.85 
precond  1076.331   564.6378   3061.532   751.2374   4232.585   238.7254   2090   321.486 
vanilla  1210.624   226.0469   2303.865   629.6367   3396.427   378.5787   2303   308.018 
precond  1302.494   841.1162   4648.844   913.2697   3606.153   283.4689   1840   321.85 
vanilla  932.2467   124.5052   1607.973   522.8867   2249.694   273.3706   1951   309.812 
precond  1552.861   949.6574   4528.532   1187.009   4075.409   435.7102   1596   320.501 
vanilla  995.8022   173.6039   3158.714   442.0621   2033.889   269.0138   2036   310.907 
precond  1432.548   781.6927   4636.064   1119.026   4024.249   367.326   1911   319.546 
vanilla  1075.308   258.1868   2027.608   717.9817   3763.191   322.4786   2049   309.059 
precond  1194.004   652.0138   2755.026   846.3438   3870.846   261.1722   1840   323.798 
vanilla  1128.927   319.364   3362.649   520.82   3657.824   394.0693   1948   308.184 
precond  1212.729   773.8765   3469.102   859.6031   3219.979   306.38   1785   324.441 
vanilla  1137.032   258.3888   1571.976   568.1239   3138.186   307.6512   1966   308.257 
precond  1410.734   839.6228   3201.425   983.4499   4247.171   368.396   1560   321.854 
vanilla  1052.611   229.9029   2241.072   522.7221   3307.731   314.3796   2047   309.665 
precond  1201.499   745.8321   3638.93   1101.946   3399.11   255.3845   2418   321.027 
vanilla  1049.979   257.2381   2003.084   555.2086   2820.397   326.5433   1848   309.512 
precond  1391.961   602.527   5704.915   1012.14   3490.353   360.6688   1719   319.569 
vanilla  1019.069   247.9383   2734.349   635.2259   3766.772   328.4516   2200   308.988 
precond  1017.782   611.9767   3093.549   717.1289   3407.106   177.8087   1997   327.965 
vanilla  982.8365   198.3066   2034.594   599.8582   2402.617   315.436   1943   309.243 
precond  1128.987   739.9217   4173.163   772.8462   3285.209   228.512   1840   323.527 
vanilla  1188.54   306.7695   2226.159   583.6416   3985.132   392.1029   1889   307.87 
precond  1281.067   923.4771   5463.899   1123.175   3819.361   267.0485   1909   320.569 
vanilla  1080.632   227.6413   1396.174   569.0115   3681.799   288.3404   2117   308.333 
precond  1080.127   444.4385   2936.956   814.3653   3206.103   144.4066   2061   324.809 
vanilla  1105.803   263.3869   3102.546   684.8181   3335.451   338.9722   2008   308.199 
precond  1228.003   805.4917   3252.611   1056.971   3915.258   218.6875   1751   322.36 
vanilla  1110.522   173.0204   1703.555   459.6221   3108.463   307.3547   1710   308.63 
precond  1317.579   726.6902   4886.616   1131.164   3441.903   242.4741   2080   321.613 
vanilla  1200.872   203.068   1871.395   679.5599   3449.436   423.2688   1783   308.184 
precond  1286.111   877.5911   3835.183   772.0471   3636.381   377.6403   1782   323.421 
vanilla  1224.175   263.8918   3154.923   743.1665   3183.761   366.3087   1856   307.674 
precond  1208.134   745.0104   3642.208   798.0423   3412.035   309.3203   2043   324.06 
vanilla  1169.383   257.1934   2033.479   594.7693   3512.811   341.4089   1956   308.216 
precond  1399.404   807.8384   3826.477   1120.484   4145.109   270.8332   1712   320.875 
vanilla  1209.755   338.8002   4030.974   681.3201   4189.521   367.0758   2464   307.838 
precond  1201.633   710.2925   3980.675   888.7662   4073.817   221.2232   1980   323.132 
vanilla  1267.814   253.3963   2277.559   827.2583   3422.139   358.5801   1994   307.759 
precond  1126.001   541.5642   4067.433   837.5647   3962.869   259.0397   1925   320.888 
vanilla  1094.158   263.6318   1637.101   656.8715   3716.17   300.8251   1937   308.742 
precond  1082.637   680.3337   1838.525   783.0417   3390.069   220.9291   2113   324.686 
vanilla  1332.375   305.6237   2161.727   975.6178   4000.7   401.1272   2001   307.615 
precond  1021.389   657.1399   4002.092   937.0536   3338.817   224.7805   1838   322.283 
vanilla  1354.433   357.8933   3053.291   916.5981   3402.019   519.3357   2614   306.776 
precond  974.3668   468.0316   2102.451   731.3121   2935.676   180.666   1676   324.501 
vanilla  1168.443   308.2281   2876.365   865.5469   3350.683   304.5832   2065   308.597 
precond  1024.79   650.58   3535.858   567.9584   3316.88   196.317   1772   327.228 
vanilla  1173.743   331.4692   3614.066   644.5387   3247.746   389.9998   1930   308.5 
precond  1462.428   947.0456   4770.45   1074   4388.284   307.4205   1617   320.594 
vanilla  1122.284   156.8865   1512.018   465.2987   2559.465   323.3367   1572   310.073 
precond  1575.352   1076.9   4512.767   1392.645   3946.415   387.13   1770   320.232 
vanilla  1294.787   283.1999   2633.603   690.5483   4182.898   434.5491   1619   308.352 
precond  1135.854   854.3094   3204.925   982.9759   3256.258   271.0082   2023   323.027 
vanilla  1156.13   67.80391   848.337   638.6558   2485.389   322.5565   1882   309.857 
precond  1030.745   646.1608   3174.747   824.0234   2519.445   209.7502   1781   325.45 
vanilla  1076.075   257.449   3178.07   465.8391   3089.064   299.9842   1908   309.924 
precond  1017.999   569.8779   4686.512   785.5407   2995.888   167.4725   2437   325.68 
vanilla  1369.632   225.7388   763.8388   774.6283   3617.94   427.9309   2054   307.416 
precond  1401.2   803.7025   5406.526   1007.456   4168.885   301.3413   1977   321.275 
vanilla  1145.421   215.1787   1751.272   765.9457   3704.755   415.1589   1780   308.625 
precond  1290.091   889.4098   4111.783   886.723   4331.411   246.2945   1737   321.973 
vanilla  1236.97   271.8801   2309.001   807.2933   4381.282   392.3804   1678   308.207 
precond  1684.996   1144.86   5640.331   1263.148   5256.932   412.9256   1831   319.978 
vanilla  1246.821   285.5945   3181.573   554.2325   3554.628   370.1213   1882   308.334 
precond  1060.02   554.1418   2905.903   648.6523   2731.83   227.4247   1791   322.891 
vanilla  1280.104   265.7045   1876.844   754.1851   4037.125   383.7034   1839   307.961 
precond  1523.376   983.9152   3788.174   1255.719   4501.305   288.6936   1701   321.361 
vanilla  1114.679   206.3576   2512.841   593.3803   2828.057   342.3231   1805   309.248 
precond  1328.351   865.3831   4076.284   1050.269   3457.496   287.1677   1884   321.809 
vanilla  1483.893   241.5037   2321.537   747.4938   4046.755   532.9631   2281   306.954 
precond  1295.398   959.9755   4812.042   950.8935   4240.304   305.122   1741   322.458 
vanilla  1268.449   232.4765   1240.611   780.3422   4069.66   404.8427   1724   308.378 
precond  1305.194   896.8139   4258.111   1039.248   3694.15   300.1434   1979   322.491 
vanilla  1140.43   164.4608   1499.447   582.5276   3222.077   376.3145   1903   308.134 
precond  1021.462   720.6193   3264.992   831.1874   2964.708   156.5898   1813   326.088 
vanilla  1383.329   379.3894   3269.729   874.615   4277.721   468.5857   2261   307.53 
precond  1502.864   984.8366   3836.498   1144.591   5132.214   352.8348   1735   320.073 
vanilla  1175.351   295.1435   2235.018   735.5749   3063.768   312.9313   2127   307.748 
precond  1027.721   580.0546   2606.835   816.3054   3350.259   193.8124   1965   324.839 
vanilla  1186.756   221.4121   2674.41   543.7721   3416.999   376.3447   1789   308.924 
precond  1133.875   650.5615   1935.649   723.5013   3136.745   295.2014   2113   323.56 
vanilla  1299.364   314.1835   3272.408   684.0244   4450.995   441.9064   2271   307.541 
precond  1332.606   830.9048   4229.072   856.8137   4009.179   346.314   1755   320.822 
vanilla  1252.616   391.2586   3836.536   899.5763   3336.833   409.437   1967   307.416 
precond  1307.96   563.2731   2348.178   911.8546   3448.71   296.3361   1355   322.347 
vanilla  1537.295   417.7985   3930.469   890.2402   4149.058   457.7765   1894   306.915 
precond  1260.009   606.6593   3318.132   910.5357   3379.715   269.5558   1702   321.215 
vanilla  1027.495   166.0196   1781.143   412.9526   2810.233   284.9845   1928   310.744 
precond  1233.376   751.8131   3335.576   919.5067   3858.413   232.2197   1823   322.217 
vanilla  1040.971   119.0788   505.8958   660.4522   2406.631   318.442   1907   308.585 
precond  1305.371   783.1212   4156.394   969.4805   4136.811   285.2258   2057   321.515 
vanilla  1270.554   321.2407   2645.954   664.9307   3362.298   427.2965   1842   308.063 
precond  1243.373   783.8849   3311.456   1080.826   3493.408   295.8534   1638   320.957 
vanilla  1546.217   341.52   3150.508   847.8382   4529.614   455.3873   1922   306.766 
precond  1199.885   731.6043   4494.966   927.4337   3209.237   293.2686   1810   321.616 
vanilla  1159.388   309.4569   2725.592   757.6622   4147.544   300.4315   2049   308.015 
precond  1090.606   412.4905   3859.739   713.6822   3167.755   187.4095   2009   324.306 
vanilla  1344.062   351.3641   3483.883   858.2106   4141.853   376.2487   1697   307.343 
precond  1252.782   595.0794   2361.964   980.8291   3452.229   261.5112   1781   322.192 
vanilla  1133.951   290.2065   2275.009   671.3873   2696.637   246.2353   2090   308.593 
precond  1226.599   723.788   3751.316   934.7436   3668.259   228.3757   1897   321.335 
vanilla  1280.222   193.1532   2029.439   756.8484   4464.625   480.6642   1820   306.218 
precond  1342.578   935.686   4860.739   949.2835   4286.841   295.7033   1746   320.531 
vanilla  1202.147   177.4382   790.5184   743.6051   3566.271   385.0731   2214   307.014 
precond  1300.811   953.4802   6050.926   967.784   4130.032   273.733   1691   320.753 
vanilla  941.7394   129.0138   1548.455   389.4559   2273.892   253.3573   1987   308.564 
precond  1168.633   504.5884   3969.63   845.761   3598.178   219.3194   1642   321.533 
vanilla  1075.682   324.5429   2801.408   578.7752   3472.6   251.9871   1749   307.45 
precond  1168.202   847.8935   3108.147   902.521   3417.958   234.8915   1663   322.811 
vanilla  985.764   224.2896   1806.833   617.4267   2686.459   304.4818   2474   307.539 
precond  1477.544   890.438   5125.838   955.3924   4364.189   321.7021   1931   318.362 
vanilla  1129.761   265.0301   2385.864   652.9984   3551.938   315.7206   1601   308.099 
precond  1518.019   1062.739   4253.575   1191.906   4611.236   337.131   1548   320.573 
vanilla  1191.42   209.4911   2383.039   634.718   3870.93   354.1931   1661   307.484 
precond  1504.899   637.2902   5060.352   1334.827   4665.157   309.227   2336   318.351 
vanilla  888.7597   124.2317   1190.806   463.1591   2400.276   236.6706   2073   310.718 
precond  1360.676   970.047   3768.171   969.3354   3908.002   298.6883   1776   322.505 
vanilla  1020.737   199.8716   2050.62   524.1047   3220.207   352.9279   1837   307.685 
precond  1329.011   788.3169   4413.96   893.6308   4249.844   310.4214   1647   321.035 
vanilla  1110.817   178.1801   2119.872   643.5155   2810.553   356.7862   1813   307.724 
precond  935.9804   519.2226   2110.294   782.0414   3392.708   156.2875   1789   326.265 
vanilla  1338.202   334.5583   2489.986   695.6563   3490.453   423.635   1769   306.269 
precond  1301.045   882.9229   5098.25   938.7417   3786.078   288.4405   1684   320.382 
vanilla  1180.77   157.0049   982.9772   506.1516   4075.537   382.809   1805   308.811 
precond  1200.732   784.4355   3166.315   821.217   3257.928   278.5842   1854   322.956 
vanilla  1290.245   249.5941   2715.426   610.2852   4440.412   384.9555   1859   321.445 
precond  1190.718   773.4706   3426.762   924.6606   4004.181   266.8889   1751   336.396 
vanilla  1296.518   388.1347   3596.914   718.582   3602.45   410.5669   1656   321.298 
precond  1541.655   1016.541   5107.887   1096.784   4420.921   413.5994   1516   332.182 
vanilla  1297.175   185.5912   2053.838   895.0382   3091.312   412.6015   1510   322.453 
precond  1356.02   771.1356   5000.472   840.129   3712.694   344.2468   2065   335.28 
vanilla  1096.012   323.7236   3910.257   700.2316   3878.417   279.5694   2011   322.883 
precond  1205.868   553.9684   2951.148   937.3579   3562.566   188.8847   2137   336.045 
vanilla  1349.764   357.5746   3799.383   805.441   3357.07   462.107   2010   320.575 
precond  1537.81   1021.764   4451.242   1132.127   4064.498   353.7989   1969   333.715 
vanilla  988.2162   236.6342   1698.137   678.9908   3544.139   309.2546   2213   322.892 
precond  1320.523   797.336   3908.677   1061.164   3518.625   236.0159   1726   336.461 
vanilla  1177.695   262.8842   2585.064   603.2283   3712.359   290.4284   2273   321.492 
precond  1369.503   891.8667   4179.288   881.5184   4508.036   289.7435   2017   335.486 
vanilla  1355.763   387.8865   2878.75   828.8627   4835.814   419.3503   1691   320.645 
precond  1471.105   916.7636   4377.454   962.2133   3409.419   403.5383   1864   334.418 
vanilla  1062.236   225.2447   1945.012   564.479   3287.669   340.5136   1983   322.556 
precond  1356.747   706.9613   3893.489   1123.17   3731.12   269.8046   1897   334.427 
vanilla  1352.271   211.3184   2258.832   775.721   3441.295   465.9872   1867   321.526 
precond  1258.387   804.9617   3822.324   974.2748   3880.168   313.8869   1741   334.973 
vanilla  1094.358   226.5484   1591.448   664.2199   3097.326   317.1561   1591   322.895 
precond  1106.606   499.2266   2378.392   834.3392   3448.439   233.2753   2277   336.049 
vanilla  1079.118   197.3299   1619.376   713.303   3492.768   339.8831   1848   322.636 
precond  1367.965   1011.953   4888.21   1028.078   3672.366   330.4312   1588   333.816 
vanilla  1241.367   210.4634   1508.888   743.9192   3330.448   392.5584   2126   322.664 
precond  1104.398   710.6997   4123.218   862.649   3278.322   228.3869   2023   334.68 
vanilla  1416.332   320.646   2910.99   777.7228   4819.357   483.6721   1570   320.514 
precond  1092.575   491.2734   5249.641   885.3626   3794.899   185.3064   2276   332.95 
vanilla  1226.796   242.9711   2191.726   679.507   3423.568   417.1951   1901   322.482 
precond  1292.846   896.4811   3662.073   1111.256   3971.23   286.8887   1959   336.087 
vanilla  1204.833   189.1458   1553.011   590.0585   3247.929   413.5401   1967   322.77 
precond  1162.223   462.9687   4479.582   1092.864   4080.009   176.8105   2148   335.372 
