simpl  1672.515   361.2194   3384.589   761.6286   3533.144   525.4969   75   294.626 
rwm  428.6027   55.46714   913.7677   203.2273   1579.666   134.9462   209   183.321 
mtm  939.9693   303.2773   2877.485   632.8121   3270.499   352.6837   1898   329.835 
simpl  1588.283   210.4932   2204.433   726.7561   4174.795   501.6394   56   301.583 
rwm  418.6782   56.71681   1046.872   257.7837   1594.654   79.33403   197   188.61 
mtm  1075.374   184.9177   1582.571   741.9554   3429.804   327.1239   1708   336.148 
simpl  1551.411   169.8369   1686.786   638.5135   3452.624   436.0018   69   301.052 
rwm  447.428   84.96746   1484.829   366.0223   2204.492   136.2164   527   184.777 
mtm  760.7043   228.1217   2512.496   405.5125   3918.313   298.8686   2123   322.579 
simpl  1516.384   251.6906   1792.293   603.9311   3648.087   437.6208   75   277.706 
rwm  435.8213   63.62833   951.8854   255.7386   1668.208   100.418   289   173.193 
mtm  971.088   266.1421   2742.523   734.8425   3218.069   324.1353   2006   306.229 
simpl  1722.784   294.6816   3730.99   807.7254   3948.043   530.0911   71   275.645 
rwm  486.5068   68.45719   705.7717   391.0131   2052.385   164.0948   266   172.124 
mtm  865.1004   188.8511   1489.646   719.8292   3331.086   299.3839   1832   306.829 
simpl  1766.247   378.3357   3880.924   715.0124   4197.128   549.9497   72   275.551 
rwm  405.447   46.48459   684.4528   280.2309   2242.903   113.2642   252   171.579 
mtm  857.78   237.1917   2187.327   614.6806   2545.219   325.3785   2991   307.046 
simpl  1343.74   297.1281   2894.115   516.008   3233.563   366.3942   72   277.065 
rwm  416.2891   53.98535   610.2669   281.0645   2001.509   122.0753   254   172.943 
mtm  1030.061   271.3206   2902.568   774.4536   2149.081   348.7685   1753   308.853 
simpl  1538.919   220.7205   1554.695   671.1118   3892.7   463.3817   65   276.622 
rwm  448.8698   63.11398   1188.113   211.5955   2736.41   122.1392   289   171.107 
mtm  846.1187   191.301   1326.951   640.6024   3380.968   256.0464   2292   307.786 
simpl  1682.642   136.2864   1357.04   649.9753   4149.296   494.2763   70   277.076 
rwm  448.9413   110.4053   2604.683   256.9267   1722.399   153.5275   243   170.781 
mtm  987.408   295.5565   2640.558   663.7728   3096.212   392.2566   1904   307.068 
simpl  1422.425   321.7678   2948.75   730.2363   2600.522   358.4915   66   277.966 
rwm  459.478   57.81657   1328.595   274.1293   1747.785   137.7578   393   172.044 
mtm  1041.019   234.3855   2282.503   664.9739   2751.616   273.9174   1564   310.203 
simpl  1421.347   252.3136   1572.771   643.8724   2944.3   401.3605   78   278.224 
rwm  442.9249   105.8338   1842.105   332.109   2349.036   126.7031   222   170.137 
mtm  820.7911   222.6851   2360.35   428.891   4280.898   268.1135   1925   308.318 
simpl  1600.936   215.8131   2932.374   665.5651   3377.013   513.4226   61   277.134 
rwm  420.2145   73.30195   1104.493   245.4966   1845.271   107.0139   228   172.117 
mtm  864.9012   261.3685   3327.472   630.0729   2429.664   285.1929   2115   306.96 
simpl  1499.519   258.1274   1729.545   674.9023   3371.945   399.4115   60   277.614 
rwm  459.3014   72.00615   1810.612   232.8487   1880.068   165.3001   286   171.415 
mtm  927.2888   202.8759   2325.563   442.6296   2769.141   366.7607   1936   306.365 
simpl  1455.493   269.3874   2560.846   738.0483   3332.915   368.6321   78   276.911 
rwm  466.1937   95.47041   1302.636   405.1746   1820.066   139.4348   299   171.123 
mtm  994.8081   263.5265   2066.344   657.4099   2542.57   380.4981   2226   308.03 
simpl  1492.247   236.515   2032.159   592.4496   3389.314   406.4324   59   277.011 
rwm  439.2007   66.85549   1214.328   247.3459   1957.678   149.7421   302   173.017 
mtm  949.2866   365.6094   4029.993   699.909   3862.483   403.0941   1618   305.902 
simpl  1518.884   222.625   1261.024   703.2774   4692.335   404.2778   57   276.676 
rwm  434.9696   59.65161   1512.504   281.3931   1643.8   141.2538   281   173.403 
mtm  815.9594   256.5063   2779.306   514.8341   2978.035   327.6456   2206   307.282 
simpl  1735.8   297.2608   2522.753   878.804   3547.76   522.2162   97   275.565 
rwm  443.1223   71.32372   1351.068   172.8684   1774.063   133.4431   323   173.645 
mtm  914.2453   256.4011   2670.281   575.5731   3108.648   362.8937   1720   306.79 
simpl  1681.689   262.7558   2225.989   638.6107   3808.659   469.9098   57   275.678 
rwm  452.8317   94.78769   2270.494   263.0594   2111.778   123.2961   252   171.076 
mtm  1099.191   283.828   2339.151   677.5627   3586.362   358.5914   1974   306.186 
simpl  1457.179   287.7132   2842.868   560.5599   3435.398   385.5833   64   276.367 
rwm  457.5548   111.1704   2463.925   218.6652   1656.464   134.9297   371   172.652 
mtm  895.5216   221.6767   2793.47   519.3278   2729.85   340.238   1996   308.12 
simpl  1562.397   298.8769   3289.946   681.3591   4095.916   424.4052   87   276.52 
rwm  408.4927   56.99544   1411.024   335.4425   1331.818   104.419   201   175.56 
mtm  956.7546   174.2703   1226.613   606.2798   2996.332   318.6981   1923   308.188 
simpl  1617.276   182.5526   1466.189   615.5469   3914.831   494.9734   74   276.719 
rwm  469.2615   55.25447   1023.617   276.9547   1593.352   174.8959   283   171.912 
mtm  806.6568   203.684   2689.104   682.6166   2153.255   221.9442   2262   308.367 
simpl  1341.218   254.7375   2559.846   666.893   2518.953   393.7167   57   277.587 
rwm  409.2727   29.47298   616.6931   218.0391   1601.787   110.6963   276   173.406 
mtm  916.6474   196.6313   1952.424   577.4689   2895.946   375.3462   1769   308.038 
simpl  1281.83   268.4612   2930.956   576.2826   3425.775   306.9927   64   277.965 
rwm  394.3009   88.38655   1467.344   243.1094   1446.336   114.2367   360   173.288 
mtm  926.474   187.0552   1162.829   534.0146   2490.647   298.5372   1585   308.172 
simpl  1785.089   334.275   2824.946   729.2467   4333.068   564.9047   83   275.246 
rwm  431.003   85.13522   2875.407   207.7133   2168.846   158.2263   332   170.806 
mtm  781.5488   140.603   1704.956   518.5049   2282.604   356.336   2034   306.877 
simpl  1492.186   268.7768   3076.373   693.4371   3388.881   405.0075   80   275.975 
rwm  431.2487   79.17024   1983.794   269.2154   1545.007   129.7953   191   171.061 
mtm  866.7213   160.711   1876.344   518.212   3263.756   252.4782   2188   307.338 
simpl  1716.488   245.318   2674.403   803.7214   4120.083   461.5701   111   275.974 
rwm  476.8356   61.56432   814.8045   386.0618   2109.068   140.2926   241   171.345 
mtm  841.031   243.0201   3090.463   602.7519   2908.759   333.577   1730   307.098 
simpl  1914.61   331.6374   3317.34   757.4952   4206.914   659.7627   51   275.785 
rwm  449.7522   64.07818   1044.87   263.4252   2189.94   164.5391   253   171.511 
mtm  832.4472   159.5711   1826.938   605.531   2672.081   258.7661   2073   309.331 
simpl  1405.702   220.2462   1883.605   551.0394   3197.407   392.0722   62   278.37 
rwm  455.1206   50.87462   809.8063   294.5589   1861.137   142.6111   297   171.415 
mtm  1041.099   237.3454   1565.117   779.7706   3233.998   445.0561   2637   306.785 
simpl  1466.75   188.5333   1289.429   616.1799   3745.75   386.9008   47   276.272 
rwm  463.818   91.36082   1851.451   284.282   2130.973   131.2225   205   171.199 
mtm  978.4985   259.4575   2901.915   680.8805   3866.82   326.7713   1933   306.281 
simpl  1397.752   210.2359   2300.983   410.822   3267.157   403.9842   82   277.553 
rwm  439.3275   75.55412   1128.256   259.1097   1759.006   166.5158   280   172.409 
mtm  865.7778   219.7587   1539.037   923.2674   1971.487   326.9747   2105   308.226 
simpl  1344.89   103.2573   1390.494   583.3478   3025.06   399.099   69   279.422 
rwm  465.1382   63.98416   1409.968   354.9652   1881.981   156.7   272   170.878 
mtm  746.7229   154.6531   1424.953   389.7608   3102.767   265.5774   1958   309.365 
simpl  1518.989   200.5098   1610.968   513.9988   3696.123   441.565   56   277.499 
rwm  462.7805   138.9701   3064.317   250.062   2327.333   168.1923   326   170.203 
mtm  904.8573   163.1332   2072.758   593.2385   2481.288   289.5103   2267   307.412 
simpl  1331.674   313.4021   2688.316   529.4317   4743.273   371.323   58   277.067 
rwm  434.6906   70.54466   1706.556   186.1136   1924.002   137.1562   225   173.491 
mtm  857.3356   77.65288   832.9542   646.8085   1737.004   294.7638   1931   309.837 
simpl  1674.234   291.3218   2523.711   766.3899   4371.156   475.6959   55   275.77 
rwm  425.1182   80.12629   2467.003   263.8765   1293.838   133.5679   331   172.157 
mtm  760.3801   261.8382   2015.415   602.9431   1692.224   256.104   2028   309.475 
simpl  1457.682   256.4118   2394.278   599.2691   3765.37   376.5085   69   276.034 
rwm  410.7548   28.85183   1021.793   182.4714   1622.325   120.9581   250   175.643 
mtm  974.5761   347.2316   3419.861   895.4511   3315.345   341.7866   1991   306.314 
simpl  1625.686   231.0209   1745.358   700.6161   3965.271   444.1398   57   277.22 
rwm  438.18   96.82679   2121.536   354.4173   1824.232   134.8321   252   171.545 
mtm  1008.444   259.9351   3223.194   697.4421   3072.159   345.8245   1755   307.378 
simpl  1719.826   271.5116   2907.141   618.9482   3531.063   484.309   49   275.758 
rwm  401.1276   50.80773   618.9514   225.7682   1427.342   107.9949   522   172.457 
mtm  884.3271   272.1344   2299.661   615.6089   2375.21   277.0519   2013   307.442 
simpl  1575.442   330.6042   3925.054   733.2162   3529.971   431.7951   72   275.178 
rwm  417.3244   48.94524   1394.294   350.9573   2039.072   94.94615   218   173.394 
mtm  881.5409   122.4153   544.2426   492.8976   3169.043   259.9351   2017   308.781 
simpl  1723.117   254.7693   2867.688   807.8042   3729.463   558.9408   69   275.726 
rwm  399.41   88.2786   2032.474   325.4969   1961.674   108.2063   269   170.373 
mtm  870.9672   212.1433   1534.029   540.4464   2966.481   271.1639   2141   309.15 
simpl  1436.426   322.2072   2648.146   671.7226   2814.427   428.0148   46   277.332 
rwm  431.9092   62.27489   1579.637   218.1658   1861.238   160.0247   290   172.36 
mtm  833.6888   138.4266   1964.236   473.5436   3489.386   360.5651   1891   307.735 
simpl  1550.492   228.3317   2317.586   653.0188   3313.319   428.5489   92   277.318 
rwm  437.2818   52.90798   1233.218   158.1753   1990.234   131.3703   195   171.64 
mtm  838.7939   279.2651   3179.889   446.8097   3806.094   313.9306   1943   307.77 
simpl  1852.77   419.4879   3385.828   806.6017   4339.914   531.1926   71   275.347 
rwm  444.6016   65.32666   1333.726   220.6602   1480.831   124.4974   300   173.552 
mtm  929.5028   167.1568   1871.983   593.9795   2529.359   289.3936   1834   308.193 
simpl  1669.807   207.2445   1890.422   676.2062   3597.156   495.0053   80   276.257 
rwm  463.0768   94.4097   1582.072   326.1384   2030.701   138.431   288   171.469 
mtm  1018.563   277.921   3255.987   601.3098   2974.158   318.5854   1840   307.174 
simpl  1821.156   257.8938   2719.588   750.7769   3635.979   578.2961   85   276.083 
rwm  427.9221   47.78469   859.4222   233.5562   1647.204   143.1347   327   171.966 
mtm  840.6797   67.53569   1332.472   637.019   2133.54   281.5103   1782   308.641 
simpl  1680.761   369.3693   4066.302   666.9235   3964.028   470.4132   126   276.088 
rwm  397.2329   46.09286   761.7654   208.8444   1548.322   117.258   330   175.118 
mtm  947.1473   318.8523   3354.771   743.1323   3524.889   388.5611   1954   306.473 
simpl  1706.014   197.427   2261.864   621.5755   4136.109   463.678   69   275.846 
rwm  433.9187   78.57925   1640.07   272.9714   2132.27   154.7401   231   171.284 
mtm  854.1889   208.8779   2520.353   514.3519   2799.612   197.5954   2434   307.974 
simpl  1567.499   249.2078   2402.36   756.4534   3877.859   426.6053   54   275.976 
rwm  426.963   61.67353   995.5799   246.8452   1617.217   131.1771   246   172.335 
mtm  846.4503   213.9788   2463.703   594.4248   2641.828   283.5966   2129   306.84 
simpl  1313.82   252.5586   2615.968   505.8427   3823.917   359.8744   52   277.033 
rwm  413.8414   35.29278   1239.356   149.9962   1856.231   133.5016   201   173.783 
mtm  960.2763   142.9202   1398.767   594.9515   2413.976   312.0721   1607   308.692 
simpl  1309.766   135.1184   1575.904   651.4119   2867.814   330.3888   67   277.501 
rwm  397.5482   8.62177   177.4481   263.2688   1113.336   103.7752   238   182.213 
mtm  752.6173   135.415   674.3497   470.8236   3673.699   268.6095   2060   308.325 
simpl  1558.698   250.0655   2176.177   569.7115   3829.321   445.8314   76   277.885 
rwm  402.6626   41.38629   771.7157   254.4922   1563.351   115.2952   149   173.892 
mtm  1001.767   239.6972   3144.272   596.6367   3300.785   320.5339   1963   307.128 
simpl  1394.925   224.8131   2302.096   669.8887   3673.975   395.5228   55   276.533 
rwm  456.5285   68.12084   1429.41   338.6659   2043.517   137.5248   238   172.99 
mtm  845.3712   202.9172   1880.012   568.3683   2957.848   295.3048   1962   307.76 
simpl  1691.17   292.3254   2595.544   719.2279   3780.139   459.0349   64   276.006 
rwm  445.5735   85.76787   1982.737   212.2522   1948.798   151.8842   268   172.409 
mtm  965.2865   223.9319   2688.585   714.2941   3729.08   356.9017   1801   306.945 
simpl  1677.875   280.3827   2960.393   718.2736   3035.549   491.9063   65   275.942 
rwm  439.9807   48.47718   1094.683   238.3489   1703.362   179.6992   276   171.326 
mtm  789.2555   167.1723   2813.932   302.1257   2803.278   280.9587   1875   310.111 
simpl  1612.45   249.356   2003.692   726.6109   4492.988   468.0809   73   276.998 
rwm  408.1169   43.5055   632.0255   252.7674   1099.343   114.7981   157   176.233 
mtm  881.3525   226.1014   2612.087   539.7554   1609.075   289.6039   1586   309.835 
simpl  1514.73   201.5251   1063.613   669.1973   3247.723   494.5291   79   276.844 
rwm  423.7325   41.97069   755.3608   194.4007   1705.958   109.6834   422   174.269 
mtm  895.6238   223.8058   3109.496   462.7452   3823.734   358.0929   1902   306.93 
simpl  1573.472   218.5908   2157.098   784.3665   3655.17   453.4953   66   277.397 
rwm  467.4712   82.90784   1349.068   264.6196   1749.278   145.0246   265   171.427 
mtm  965.2404   202.7289   2055.857   489.5372   3613.797   314.8874   1779   308.307 
simpl  1709.55   277.1703   2171.715   874.7508   3986.269   536.4392   81   275.957 
rwm  422.2653   86.58575   2220.891   224.3082   1756.986   115.2499   126   172.43 
mtm  920.155   245.2642   4677.394   697.9248   3195.336   343.5006   2106   313.226 
simpl  1685.911   276.6043   2321.733   852.6623   3595.316   516.0739   67   292.329 
rwm  430.2458   49.25608   1051.282   326.2547   1569.33   133.2906   370   182.95 
mtm  799.903   269.0651   2542.15   505.9891   4151.487   300.2782   1980   307.266 
simpl  1389.059   193.0503   1604.533   569.7074   3443.296   410.6496   80   277.693 
rwm  474.8793   117.2024   2159.456   223.9666   2050.434   187.4853   265   170.46 
mtm  735.5621   62.18005   676.8653   537.6867   2488.092   253.7278   2021   310.389 
simpl  1333.699   258.5168   2161.6   632.2561   3546.783   346.1164   65   277.094 
rwm  436.9905   47.40237   1797.694   199.0059   1409.749   154.6235   324   172.064 
mtm  807.9339   190.1336   1869.035   473.5999   3026.612   359.6025   1843   321.514 
simpl  1512.048   202.1654   1324.84   540.527   4036.868   424.8168   67   293.129 
rwm  435.7611   100.2649   2882.022   199.9699   2264.97   132.2078   179   180.651 
mtm  691.1359   182.0323   1926.102   633.5436   1782.081   243.0935   1844   309.778 
simpl  1196.871   211.5269   1597.778   479.0061   3133.622   313.1473   70   279.738 
rwm  461.5882   100.5116   1627.114   357.4861   2325.926   192.6543   273   170.405 
mtm  990.9037   292.8858   3109.102   627.8829   3371.484   363.6516   1633   306.98 
simpl  1565.724   233.7201   1549.615   652.3445   3418.359   469.1094   167   288.64 
rwm  402.0959   77.1095   2581.812   237.1192   1759.146   125.3485   308   188.286 
mtm  1096.713   286.5308   3316.515   621.2843   3625.889   341.8095   1624   311.312 
simpl  1662.291   268.9399   2283.021   681.0986   4042.228   497.9998   76   277.198 
rwm  418.9724   52.62127   849.7137   251.4092   1979.268   110.7485   219   173.163 
mtm  869.4813   260.3482   2689.153   613.9439   2708.677   436.0739   2025   306.753 
simpl  1498.515   309.5609   3364.409   539.7262   3597.393   424.1285   58   276.402 
rwm  473.5417   60.70288   1131.56   162.9079   2339.041   185.8783   321   169.553 
mtm  890.4276   141.6056   3871.215   268.6484   2335.642   304.2218   1990   307.33 
simpl  1696.094   208.4986   3898.762   496.9263   3793.905   542.1344   51   275.882 
rwm  418.3586   86.97362   2462.238   259.6689   1714.539   141.0692   292   172.172 
mtm  814.4263   196.2241   1818.578   535.0362   2891.223   340.6638   2232   307.406 
simpl  1631.935   292.9729   2666.36   617.6344   3515.209   490.6186   75   276.127 
rwm  461.9693   76.29594   1407.246   291.9129   2339.857   145.9409   230   171.482 
mtm  944.8687   260.3329   2834.285   626.1055   3483.82   317.2548   2016   307.37 
simpl  1588.381   194.3949   1929.025   537.817   3498.765   439.4991   82   276.448 
rwm  414.8479   28.2075   367.4359   210.8101   1535.764   140.2749   322   174.772 
mtm  756.8678   178.42   1918.192   451.2431   2259.417   293.4225   2096   308.103 
simpl  1141.224   190.5937   2024.278   681.6189   2547.195   323.3723   85   278.372 
rwm  438.4945   80.30564   1265.156   280.1016   1875.624   172.329   526   171.447 
mtm  939.9121   279.2966   2414.855   718.3756   5447.146   330.6858   2124   305.876 
simpl  1432.082   206.1097   2506.599   556.6935   3457.07   396.0078   90   276.716 
rwm  390.1825   66.2882   2870.076   203.7351   2409.919   100.5095   183   174.337 
mtm  768.4229   178.314   1776.949   307.6232   2863.119   286.8317   1637   310.381 
simpl  1731.488   276.6619   3416.606   664.6285   4311.974   532.3714   76   275.946 
rwm  462.5082   73.01403   2306.514   264.4054   1940.817   145.894   222   172.102 
mtm  822.8789   122.9694   1349.414   588.3787   3370.586   303.0404   2049   308.47 
simpl  1700.567   253.904   2382.78   854.3423   3496.546   505.8533   87   277.01 
rwm  449.6647   81.44387   1616.648   229.0503   2175.979   154.7033   202   172.163 
mtm  912.5454   128.5361   1382.276   629.6894   2738.457   273.5135   1919   308.987 
simpl  1711.548   318.0296   2679.189   750.4301   4101.573   503.802   78   276.089 
rwm  449.3795   57.96347   1338.95   305.272   1662.094   104.6298   201   173.904 
mtm  896.4259   177.4646   2136.19   637.2055   1403.625   256.5943   1758   310.26 
simpl  1557.708   193.3887   1723.263   728.3124   3733.744   451.8203   72   277.054 
rwm  401.8615   57.54989   1533.392   197.5989   1520.28   117.3892   490   172.909 
mtm  1044.039   268.7788   2226.663   688.8452   2983.222   384.2278   1961   308.124 
simpl  1204.875   103.2284   1309.113   579.6695   2096.135   388.6242   76   282.153 
rwm  442.8235   51.42791   843.5424   229.9263   1682.072   151.0299   252   175.434 
mtm  914.0257   185.2226   2063.014   485.3633   3421.592   327.7468   1965   309.217 
simpl  1663.673   350.3189   4168.126   567.0807   4683.913   456.1495   128   278.715 
rwm  455.1496   98.5711   2155.686   252.2942   2386.881   139.7998   277   171.414 
mtm  927.9084   322.4078   2360.185   716.0784   3898.659   315.6663   2106   307.739 
simpl  1728.558   350.0354   3713.231   773.503   4252.53   461.9547   78   277 
rwm  437.9853   85.30809   1971.294   263.6445   2139.046   144.6404   246   174.303 
mtm  996.8348   385.3006   3220.602   733.5804   4190.181   327.8155   1780   311.206 
simpl  1498.431   279.6298   2284.616   666.8058   3950.685   401.3648   71   278.632 
rwm  446.5614   83.96767   1813.58   230.0942   1476.991   152.8424   195   176.032 
mtm  781.6946   182.9436   1843.984   576.8222   3344.458   222.3019   2018   312.269 
simpl  1457.949   260.7629   2677.714   643.6086   3516.643   395.7672   90   279.235 
rwm  445.6231   59.25677   756.7385   224.6566   2017.503   107.6756   276   171.911 
mtm  1090.158   366.4699   3091.04   709.6961   3666.26   536.8524   1931   306.775 
simpl  1480.688   335.5241   4565.569   704.513   3712.981   420.8348   53   277.53 
rwm  432.4021   52.50339   895.9217   300.9102   1805.398   113.4526   386   173.732 
mtm  868.9785   166.6331   1840.169   431.739   2266.947   278.1974   2061   309.236 
simpl  1900.3   212.5907   1660.505   734.4492   3823.951   601.4945   71   277.124 
rwm  454.8581   78.16837   1076.051   331.9454   1587.764   147.4308   143   171.981 
mtm  840.9803   200.0776   2020.31   637.2265   3408.8   258.3993   1648   308.121 
simpl  1494.337   95.2366   690.0401   663.82   4023.448   360.1617   116   278.63 
rwm  476.1733   85.13925   1455.622   339.3729   2010.73   177.0289   225   171.597 
mtm  793.2051   239.5031   1233.286   668.1959   2799.763   285.7272   2171   309.067 
simpl  1524.586   270.1622   2794.784   523.7626   3973.001   388.957   62   277.121 
rwm  399.2387   53.51236   749.3178   163.057   1509.194   97.17672   561   174.9 
mtm  1116.024   283.4439   4310.342   721.7707   3411.719   375.3571   1883   308.022 
simpl  1731.484   209.2525   2745.893   746.2032   3902.573   525.2728   57   278.319 
rwm  484.4146   103.5557   1477.987   390.793   2251.608   163.2105   321   171.341 
mtm  903.0829   200.7528   2162.593   630.716   3316.761   270.4852   1939   312.055 
simpl  1730.647   262.726   2741.552   672.4333   4125.089   482.2536   72   276.225 
rwm  419.6478   60.44936   1197.063   241.5899   1814.529   145.099   366   174.633 
mtm  969.2469   288.6682   3292.561   762.4868   2977.687   425.1429   1934   315.068 
simpl  1653.172   327.9436   3039.215   676.6487   4512.663   459.8916   69   295.502 
rwm  410.3343   62.19226   1195.779   358.9483   1679.656   114.0887   227   188.215 
mtm  775.6332   141.5026   1174.408   679.5024   2338.791   265.7954   2065   337.769 
simpl  1541.785   276.6597   3000.744   769.4576   3760.281   466.1582   71   301.636 
rwm  436.5658   71.34075   1338.975   263.3407   1704.061   120.9013   240   187.32 
mtm  906.2598   231.7403   1929.662   700.7305   2997.921   297.1543   2349   336.594 
simpl  1753.904   479.178   4085.646   835.7641   5012.386   534.5448   73   305.594 
rwm  416.0248   30.68544   395.5857   205.9766   1367.938   126.2638   371   192.773 
mtm  847.3196   139.9656   1308.082   611.5691   2772.419   285.8457   2127   336.316 
simpl  1541.264   176.6864   2030.54   643.3303   3572.483   439.6119   72   300.205 
rwm  451.3656   72.34385   1668.724   250.6999   2232.97   154.459   133   186.013 
mtm  850.9757   254.2282   2617.125   513.1364   3332.79   317.2855   1707   334.921 
simpl  1810.669   238.114   2431.741   941.045   4326.905   544.9681   75   297.238 
rwm  433.0827   59.17611   1205.575   205.2921   1910.925   135.6757   313   188.065 
mtm  945.0309   269.4659   2867.706   545.5072   2431.455   342.4865   1808   337.076 
simpl  1617.206   361.7582   2990.477   660.1304   3427.952   435.2504   66   300.149 
rwm  466.3619   113.5259   2251.304   299.409   2329.818   155.707   324   183.889 
mtm  824.8516   216.8911   3175.128   587.5628   2908.422   315.7367   2125   321.663 
simpl  1753.699   312.2451   2769.242   825.3337   3839.012   536.7359   43   286.75 
rwm  402.1411   39.99147   861.5974   218.3852   1873.562   100.7089   185   180.724 
mtm  1010.614   296.0043   2551.73   828.7852   3101.116   353.7201   2297   320.996 
simpl  1668.828   286.3651   2371.096   608.0128   4117.218   461.083   119   287.259 
rwm  400.2151   43.76018   1256.217   236.0185   1127.025   129.3902   259   183.095 
mtm  1020.247   278.1572   2661.435   649.2662   2948.999   355.6314   1732   321.928 
simpl  1356.99   226.2012   2199.795   593.9974   2857.241   352.8967   74   289.149 
rwm  421.9415   63.50216   1190.491   243.565   1544.619   109.0628   297   184.01 
mtm  910.1702   178.1569   1198.971   836.4631   3270.845   359.52   1891   319.299 
simpl  1602.628   231.8466   2102.554   520.2863   4046.308   476.0029   80   275.802 
rwm  446.5059   75.32046   1353.448   350.0088   2150.978   129.5224   253   171.329 
mtm  940.6908   158.9688   835.2965   787.3801   3075.636   367.3236   2251   306.064 
simpl  1672.286   270.6485   2294.847   761.8308   3450.885   501.0999   71   276.108 
rwm  459.8675   77.99956   1501.928   250.7453   1922.289   118.777   339   173.105 
mtm  802.1343   145.3472   1407.901   617.4581   2672.332   209.3348   2095   308.025 
simpl  1611.096   276.7193   3651.508   677.7333   3325.05   519.0093   101   276.807 
rwm  444.5371   72.17977   1443.666   199.8459   1652.193   145.0239   317   171.347 
mtm  802.425   209.2291   2232.222   446.2394   3020.311   238.4604   2016   307.327 
simpl  1757.492   293.9808   2459.88   944.697   3996.652   483.6709   69   275.135 
rwm  418.4318   91.99324   1532.78   209.4793   1842.22   108.1409   218   172.994 
mtm  784.861   199.8601   2518.828   577.3724   2589.794   362.7508   2029   307.218 
simpl  1488.867   186.8053   1531.045   616.6106   3423.105   397.5481   78   276.719 
rwm  421.3817   22.57298   315.1281   205.1098   1506.148   107.7933   239   173.403 
mtm  794.0391   160.5565   715.9468   765.5285   2345.4   242.8351   2228   309.803 
simpl  1606.949   229.8698   2536.37   587.4822   3933.437   482.1673   69   275.751 
rwm  452.7931   46.01932   742.2858   210.211   1872.37   159.3265   156   171.297 
mtm  894.716   111.9548   736.3203   502.0571   3565.177   300.7325   1638   308.125 
