simpl  1976.246   1410.816   4775.201   1356.556   4526.069   550.7478   75   291.984 
rwm  366.0152   109.3162   679.6733   587.7576   1438.529   104.3111   327   205.995 
mtm  866.2938   609.824   3322.701   806.2338   3202.666   271.73   1636   327.001 
simpl  1702.275   1250.067   4018.168   1177.024   3568.612   486.0502   71   294.332 
rwm  352.3064   201.3207   1012.973   462.9617   1635.549   121.0763   316   207.956 
mtm  953.4604   602.1444   2556.167   843.7971   3467.392   283.8449   2026   327.403 
simpl  1928.697   1250.918   4803.61   1395.169   4007.587   501.8307   51   294.169 
rwm  405.2876   298.954   1262.746   319.7416   1926.851   126.3784   275   207.296 
mtm  1035.543   656.5324   3887.825   898.0231   3151.087   241.6941   1565   347.062 
simpl  1824.314   1129.471   3261.962   1225.857   3897.41   561.8138   145   312.617 
rwm  264.1419   116.985   941.1765   354.4439   1326.85   79.70701   240   217.115 
mtm  927.4778   664.8742   4267.492   918.3152   3064.058   269.7299   1668   347.265 
simpl  2108.17   1658.501   5667.263   1605.846   5818.482   594.7726   55   310.097 
rwm  424.7751   260.9465   1417.779   429.9722   1500.851   132.0232   213   207.049 
mtm  785.0904   430.9021   2434.106   663.4812   2880.935   229.5277   1679   349.187 
simpl  1910.595   1233.012   6395.002   1350.232   4673.688   544.38   79   312.081 
rwm  398.0575   302.0317   1247.075   400.3529   1436.062   128.8671   353   207.002 
mtm  877.841   559.6734   3842.888   675.8651   3278.967   221.3565   1844   345.798 
simpl  1934.786   1197.397   5935.039   1283.592   5277.107   577.9469   93   311.509 
rwm  421.5701   285.3418   1682.092   413.9658   1395.974   133.2849   370   213.273 
mtm  918.7377   534.2593   4079.412   778.9368   2790.974   274.1777   2082   346.538 
simpl  1965.837   1326.925   3941.638   1367.141   5261.499   513.1773   67   311.47 
rwm  410.5112   258.2551   2220.56   421.2702   2012.239   144.1395   278   208.35 
mtm  995.9588   665.2835   3055.164   779.0672   3318.564   223.7107   1780   348.162 
simpl  1831.965   839.7182   3240.593   1309.399   3936.518   509.5794   83   310.479 
rwm  375.1817   271.3462   1277.084   462.8149   2124.092   113.333   371   213.548 
mtm  949.8022   661.7294   3764.847   738.1855   2596.588   263.9575   1538   347.736 
simpl  1927.761   1376.219   4100.127   1564.887   4105.025   571.3074   110   312.84 
rwm  395.4438   234.3501   2040.988   314.3107   2063.021   109.1694   360   202.224 
mtm  911.4194   691.8591   3185.842   710.3827   3370.828   253.7755   1586   347.691 
simpl  1837.958   1208.943   4546.077   1492.238   3562.832   490.6365   65   313.285 
rwm  334.3698   160.1935   777.8003   852.3509   1766.133   146.4588   339   222.889 
mtm  860.584   529.6364   2357.475   950.4941   3015.64   216.4127   1825   347.756 
simpl  2106.784   1397.551   5115.909   1486.249   5092.905   633.3047   68   310.943 
rwm  324.3219   187.9359   1343.303   323.359   1471.481   114.6692   229   215.16 
mtm  1086.73   766.8592   4171.403   869.0461   3945.074   286.4742   1699   345.654 
simpl  1920.308   1138.173   4551.131   1310.823   3525.215   629.3093   56   308.538 
rwm  386.504   277.0687   2200.344   431.6871   1752.703   138.0223   279   208.028 
mtm  966.22   625.437   4539.466   827.3378   3291.109   245.1058   1902   345.535 
simpl  1707.06   1260.39   5541.032   1349.86   3760.537   481.4013   79   313.582 
rwm  328.384   170.4315   1006.492   275.7245   1399.461   115.2814   202   211.591 
mtm  1054.59   715.601   4508.625   951.5517   4200.961   271.6445   1884   343.817 
simpl  1928.225   1318.486   6326.35   1307.1   3596.72   525.8216   82   311.469 
rwm  333.1599   151.3827   1237.734   770.0679   1412.944   146.7554   255   232.447 
mtm  1032.325   534.0795   2298.494   1033.006   3440.671   378.203   1343   345.103 
simpl  1853.706   1441.691   4781.871   1297.076   4094.44   497.6132   139   310.169 
rwm  280.5721   106.0574   677.2611   621.3395   1305.706   105.3305   369   228.639 
mtm  888.4195   545.5095   1849.468   697.1058   3969.031   276.8873   1651   349.45 
simpl  1914.445   1468.152   5788.621   1563.09   4824.057   520.5627   63   310.914 
rwm  306.8669   174.3995   1188.047   453.7654   1222.157   92.93497   258   222.904 
mtm  815.612   469.8134   2708.268   675.6826   3198.415   331.1923   1642   346.984 
simpl  1792.876   1145.443   4487.402   1440.7   4287.321   504.121   61   311.129 
rwm  432.1626   324.8538   1288.035   428.0225   1951.731   112.2834   225   209.964 
mtm  930.1425   546.4373   3620.651   879.4152   2909.115   195.7057   1885   347.199 
simpl  1920.734   1398.263   6479.788   1259.751   4611.782   597.5726   56   310.576 
rwm  379.4259   278.3788   1638.889   493.8862   1801.196   152.038   300   205.275 
mtm  975.3614   624.3102   3042.474   798.5583   3206.19   335.1857   1777   344.39 
simpl  1935.185   1302.008   4300.97   1372.422   4626.786   561.1856   75   311.889 
rwm  324.108   122.1616   1317.467   533.114   1280.735   76.40768   272   226.595 
mtm  985.2937   502.1429   2941.571   736.3061   3339.595   336.8141   1903   343.984 
simpl  1931.282   1437.632   6022.104   1346.822   4205.682   625.9224   62   312.462 
rwm  391.7008   232.273   1309.594   432.7481   1744.48   140.4349   264   205.127 
mtm  1116.518   663.9998   4001.386   895.6612   3302.805   303.0347   1637   347.644 
simpl  2014.536   1145.56   4475.331   1239.407   4751.28   653.6129   73   313.116 
rwm  420.8709   284.5658   2236.819   327.0097   1863.689   114.8374   409   214.094 
mtm  1000.328   562.1785   2713.432   799.8277   2703.193   287.2022   1525   347.111 
simpl  1918.375   1358.706   5012.557   1288.425   4042.112   497.41   69   312.449 
rwm  364.8428   254.59   1602.167   336.3115   2218.65   107.1899   232   207.599 
mtm  816.7452   469.8645   2522.189   705.8537   2760.095   211.9835   1647   349.876 
simpl  1872.9   1040.616   3727.255   1282.396   4467.478   570.2238   89   309.403 
rwm  369.9352   259.2156   2200.063   391.9637   1379.724   118.662   264   215.311 
mtm  898.5518   519.0009   2181.336   892.3596   2997.836   253.0026   1850   348.351 
simpl  1794.501   1264.707   4926.161   1468.57   3960.371   501.4341   74   312.217 
rwm  363.4322   210.5497   1016.432   487.6275   1944.198   193.9951   217   218.079 
mtm  890.7389   467.9533   2764.806   729.2348   2633.185   175.049   1739   352.243 
simpl  2001.517   1432.679   5993.984   1521.065   3958.014   593.9807   65   311.553 
rwm  310.0194   157.8626   1190.907   203.3045   1830.189   102.4855   207   207.031 
mtm  874.7053   434.3977   3390.491   958.981   2277.354   176.4468   1733   349.307 
simpl  1819.498   1053.741   3939.669   1319.059   4048.008   490.6359   59   312.634 
rwm  394.0249   228.8087   1850.076   401.9697   1904.564   145.9694   306   204.34 
mtm  974.1844   639.2916   3416.161   787.7728   3382.477   294.9149   1730   344.166 
simpl  1792.71   1158.43   5134.336   1280.02   3787.626   531.8699   52   312.685 
rwm  420.6284   268.7157   1452.443   446.9035   2082.077   194.6735   418   201.091 
mtm  1032.326   622.4558   4056.004   777.1653   3291.967   338.3068   1467   346.929 
simpl  1938.973   1228.605   4246.665   1207.288   4092.054   576.3939   71   310.487 
rwm  328.8492   211.6928   1291.948   279.2025   1594.105   104.6141   292   206.849 
mtm  1035.41   673.194   4357.678   886.1062   3382.661   308.0288   1681   345.582 
simpl  1682.171   1286.006   4938.945   1212.24   3658.274   386.5709   56   313.878 
rwm  404.0654   142.1526   1399.755   443.27   1482.993   134.1612   272   205.85 
mtm  1050.992   370.8462   621.8546   863.5753   3422.571   311.3321   1636   347.901 
simpl  1906.86   1470.911   5284.653   1403.6   4491.198   547.7344   171   313.036 
rwm  392.5788   284.8848   1741.131   363.5861   1579.647   121.5295   323   205.084 
mtm  1146.564   799.5502   4742.079   948.2022   4575.666   360.1592   1838   343.562 
simpl  1850.357   1159.635   3079.663   1468.625   4080.882   487.9957   135   313.801 
rwm  362.7743   217.5936   2802.057   299.6736   1879.676   96.89383   245   209.123 
mtm  832.4921   516.0326   2200.245   710.385   2758.215   229.2951   1698   349.367 
simpl  1414.06   799.0455   3729.334   918.3655   3927.927   430.5032   97   316.76 
rwm  430.1406   212.8648   1817.885   427.5602   2675.062   165.3321   274   202.333 
mtm  1007.652   578.4925   2428.763   906.4161   3233.503   280.4486   1729   347.718 
simpl  1751.653   901.2446   3257.989   1097.762   4278.953   541.4649   58   313.044 
rwm  389.9188   202.2745   1221.347   404.0115   1789.371   151.1134   320   212.709 
mtm  1117.828   531.9534   2080.172   908.2085   3046.23   290.3401   1577   348.823 
simpl  1781.581   1179.774   4989.044   1203.38   4068.319   454.903   71   314.687 
rwm  287.8285   137.4652   1355.777   254.0597   1674.555   104.0608   204   225.474 
mtm  976.2783   610.2192   3117.443   884.3259   2693.577   244.9555   1699   347.237 
simpl  1735.868   1168.852   4742.418   1255.114   3840.373   457.3475   61   313.617 
rwm  261.621   119.949   773.2137   425.3591   1074.199   133.4455   224   235.231 
mtm  951.6044   437.6756   2434.622   675.6317   3070.332   367.7092   1445   349.383 
simpl  1860.696   1188.92   4262.731   1303.571   3814.708   495.1916   73   312.776 
rwm  332.2005   199.2222   1295.741   498.8123   1934.387   101.018   212   212.411 
mtm  989.9273   719.6657   1926.092   909.627   3018.112   283.024   1702   348.124 
simpl  1802.433   1233.778   4579.139   1227.388   4616.517   438.2236   55   313.247 
rwm  303.61   118.2286   1014.106   356.6756   1692.514   105.4468   227   213.792 
mtm  986.9334   651.0169   4731.536   824.4584   2670.53   315.0506   1515   347.773 
simpl  2057.825   1332.009   5023.446   1379.968   3765.558   596.8777   83   311.856 
rwm  331.8453   147.3506   1266.506   453.7169   1716.811   105.2819   230   217.103 
mtm  1051.298   640.9607   2950.263   779.4206   2910.595   276.9677   1931   348.11 
simpl  1681.278   968.9147   3165.479   1044.899   3742.301   415.5301   114   314.741 
rwm  267.7282   160.4114   1246.052   275.8593   1768.137   74.64639   167   215.83 
mtm  883.5802   625.6328   3561.212   731.8193   2620.241   257.7723   1741   348.696 
simpl  2279.388   1493.074   5500.343   1689.475   5771.568   665.0183   53   309.76 
rwm  343.2658   145.7289   1276.662   327.2814   1575.696   157.2465   426   213.649 
mtm  935.7506   270.0821   1536.179   866.7458   3753.451   246.7371   1556   349.192 
simpl  1890.629   1533.022   4437.549   1351.119   3914.72   549.9235   84   311.733 
rwm  352.5533   190.0654   1269.13   405.7363   1470.072   113.5075   247   213.347 
mtm  713.7091   271.4872   1099.293   666.8097   1651.792   175.2718   1687   354.327 
simpl  2058.397   1358.406   5826.682   1567.176   4386.307   651.4594   63   311.473 
rwm  384.3535   236.3023   1116.598   445.1267   1715.786   128.2897   219   213.667 
mtm  932.2383   667.433   3012.112   991.8204   2980.781   231.7559   1663   347.718 
simpl  1936.506   1408.794   4998.246   1204.955   5133.258   495.2562   119   312.328 
rwm  359.0494   188.1111   1035.615   472.7646   1507.542   107.8782   245   218.11 
mtm  904.1392   628.453   3397.103   819.6993   3393.763   226.2913   1724   348.026 
simpl  1861.625   1396.515   5209.95   1292.712   3849.192   505.1116   84   320.221 
rwm  387.3008   161.6724   989.0763   524.6577   1386.65   183.3921   263   224.017 
mtm  852.8114   451.3546   3229.967   852.9577   3652.336   239.3602   2073   365.286 
simpl  1660.677   1050.147   4890.31   1019.038   4538.511   460.6974   69   327.549 
rwm  361.1526   176.9165   1184.035   447.8832   1857.325   97.39033   228   226.693 
mtm  746.6891   413.1387   3959.803   757.3662   3437.872   123.2475   2188   368.781 
simpl  2002.485   1130.295   2711.991   1421.098   4514.718   565.2749   70   325.3 
rwm  436.1558   289.3821   1139.524   666.9893   2337.94   157.931   246   205.899 
mtm  1140.082   773.9912   5810.591   1115.053   2977.264   403.1079   1573   359.488 
simpl  1710.178   1363.226   6017.405   1448.327   4132.8   475.8687   56   325.89 
rwm  391.553   234.389   1468.236   428.3477   1625.972   164.2372   295   219.052 
mtm  1176.472   554.1   1907.866   1095.225   3873.01   331.3398   1761   361.006 
simpl  1849.768   1038.582   3764.923   1440.992   4479.988   499.7985   83   321.445 
rwm  385.4382   208.9367   1285.71   352.489   1336.757   100.3475   296   231.917 
mtm  1108.97   659.6143   2345.463   898.7453   3466.828   329.2177   1502   361.624 
simpl  1464.897   761.7901   4114.686   870.8084   2830.47   395.3111   135   330.867 
rwm  295.211   173.2957   1053.197   359.4039   994.5242   108.6937   353   241.669 
mtm  859.0361   505.244   4058.505   653.4282   2623.11   225.0805   1896   365.005 
simpl  1856.126   927.0957   3766.327   1298.099   4100.527   511.5513   98   327.425 
rwm  352.6807   250.997   1324.767   470.4938   1410.01   101.6999   250   222.68 
mtm  899.101   566.154   4320.048   793.8888   3141.818   231.4782   1865   362.197 
simpl  1912.544   1347.546   3604.847   1317.353   3890.508   579.2356   78   325.482 
rwm  417.9741   261.3926   1913.571   338.705   1880.629   141.5902   345   216.822 
mtm  921.0345   608.433   3982.088   726.4821   4163.663   215.4243   2016   360.857 
simpl  1841.162   1217.352   3433.71   1319.25   3560.163   494.6967   91   327.118 
rwm  376.7849   179.2708   1679.086   488.5541   1693.39   100.9997   271   212.705 
mtm  973.0038   630.9089   3312.337   857.7352   3449.645   276.7761   1583   361.869 
simpl  2060.184   1374.754   6861.949   1487.859   4723.813   598.0732   82   324.645 
rwm  293.2629   142.7225   854.0274   314.1964   1211.879   148.2612   181   223.167 
mtm  1175.965   623.3966   3402.505   943.8988   3657.528   373.7874   1477   360.288 
simpl  1564.933   977.9303   5202.227   890.5237   3580.798   398.9381   56   328.272 
rwm  321.4072   140.8344   1163.595   417.0512   1474.973   72.6073   347   225.572 
mtm  851.0954   158.4422   774.9961   619.5494   1954.504   269.2488   1834   364.741 
simpl  1965.824   1292.176   5406.436   1243.854   4711.97   638.8164   62   324.927 
rwm  336.911   197.4494   1694.882   308.8769   1208.186   107.0067   246   223.331 
mtm  959.6023   663.2259   4731.53   902.8709   2665.081   247.2704   1699   360.009 
simpl  1804.097   763.4942   3008.742   1297.847   4470.843   529.2312   84   326.734 
rwm  381.8401   234.2361   1464.182   313.9662   1733.186   124.7075   226   210.397 
mtm  1182.612   808.4058   4844.725   844.3087   3464.796   301.6387   1576   361.148 
simpl  1913.554   1368.707   5016.169   1603.294   4207.039   543.4708   65   323.015 
rwm  375.3278   217.2946   1177.189   286.7457   1716.324   145.3343   188   219.324 
mtm  1006.968   644.0467   3682.139   944.4962   2684.16   266.8784   1811   362.303 
simpl  1867.967   816.4268   3922.504   1514.679   4756.723   543.0616   67   325.184 
rwm  323.3182   141.026   1549.54   431.8312   1501.092   109.3521   239   235.61 
mtm  969.1864   316.1634   3288.661   653.6034   3868.22   360.8679   1555   362.762 
simpl  1930.372   1476.222   7375.633   1334.365   4708.879   518.88   72   324.321 
rwm  418.4731   208.7788   1511.426   352.9145   1532.413   133.5211   312   222.953 
mtm  776.0813   515.6765   3050.968   761.4332   3346.357   220.7164   1805   362.063 
simpl  1898.32   1396.606   4410.793   1213.654   4181.473   464.2254   88   326.953 
rwm  410.8896   250.3178   1496.166   375.8586   1834.109   146.2486   348   209.566 
mtm  851.6512   430.1693   3078.338   590.5254   3125.269   180.4887   1854   366.047 
simpl  1805.079   1381.054   3871.179   1452.253   4078.523   544.9584   55   326.607 
rwm  363.7193   130.7729   1142.447   444.6714   1488.451   114.1133   347   231.824 
mtm  929.8285   524.0095   2274.895   782.0735   3048.904   288.5113   1520   360.666 
simpl  1913.918   1290.576   4097.537   1219.351   4233.56   581.6401   91   325.458 
rwm  395.4909   170.4181   1831.79   320.1839   1410.075   123.3798   236   211.824 
mtm  858.2597   585.4391   1536.638   830.0611   2983.831   241.4715   1661   362.02 
simpl  1911.031   1268.607   4612.775   1343.146   4676.055   581.4833   103   324.917 
rwm  363.1771   226.3077   1039.733   306.1846   1496.416   113.5575   255   224.855 
mtm  844.9688   419.6351   2470.524   732.2421   3698.508   215.3831   1840   362.557 
simpl  1907.022   1216.818   4631.044   1407.818   4053.828   544.9117   70   325.184 
rwm  366.8339   187.9497   1639.125   343.8234   1387.366   127.747   173   211.816 
mtm  744.4346   437.4518   3157.407   739.1124   2504.504   199.8014   1835   364.085 
simpl  1505.149   645.8986   4301.754   619.668   3507.223   563.1386   55   328.64 
rwm  204.6627   85.31   1006.42   213.9698   863.0299   59.04636   237   243.8 
mtm  921.0194   569.661   3645.147   866.4319   3421.816   267.9517   1481   363.493 
simpl  1956.277   1195.576   4110.518   1191.252   3801.6   578.8591   85   321.475 
rwm  426.6975   270.1748   1546.777   519.6523   1843.887   111.9127   194   210.684 
mtm  929.486   482.3387   1568.81   973.4147   3131.838   268.3785   1608   363.214 
simpl  1750.097   1257.699   4576.46   1108.732   3745.063   445.8899   69   327.57 
rwm  364.6486   225.4434   1392.873   589.6594   1740.868   106.2989   187   219.876 
mtm  719.812   369.0824   3239.805   672.0075   1849.93   197.1008   2035   368.701 
simpl  1797.138   1098.52   3688.224   1384.824   4415.365   521.9898   87   371.096 
rwm  360.0496   231.354   1215.286   487.1747   1589.308   99.73693   285   369.871 
mtm  875.6093   571.7799   2824.866   871.2712   3999.196   294.8778   1774   609.643 
simpl  1968.229   1324.764   4600.615   1374.905   4469.885   548.7916   70   554.516 
rwm  394.9663   240.7916   1009.356   528.5556   1680.274   210.4363   295   400.88 
mtm  768.0431   530.3859   2766.599   551.2496   2565.466   226.5285   1517   632.797 
simpl  2049.744   1312.257   5327.881   1282.726   4206.967   626.3884   80   554.276 
rwm  314.9953   167.9189   1745.883   378.2331   1301.598   119.811   221   407.278 
mtm  1089.942   588.7958   4116.493   987.4662   3476.04   233.9852   1829   628.086 
simpl  1460.901   812.6501   4238.303   1017.891   2850.818   371.8925   69   579.6 
rwm  408.3882   277.5079   1360.571   392.6887   1824.693   134.6323   211   391.63 
mtm  940.1274   635.6755   2284.677   776.7436   2445.338   162.4434   2069   645.947 
simpl  1790.426   814.5391   2479.578   1503.862   4332.278   521.6321   69   536.417 
rwm  347.1131   184.325   1345.891   262.5922   1945.956   133.2195   188   389.742 
mtm  1022.564   685.776   2664.146   955.1458   3607.73   243.5304   1710   617.923 
simpl  1842.637   1386.885   5578.938   1484.383   3814.589   536.2952   68   562.393 
rwm  331.1489   225.2384   1732.276   409.6765   1603.636   109.1802   832   390.174 
mtm  842.6254   299.2642   2061.859   656.9947   2864.025   194.997   1938   635.577 
simpl  1914.397   1255.424   3912.181   1325.001   4135.876   539.3508   75   562.731 
rwm  381.7568   191.1999   820.0055   416.3929   1879.5   136.1586   203   390.851 
mtm  831.5596   532.7829   3490.965   770.0184   3175.218   223.4385   1715   642.633 
simpl  1676.001   1159.382   4602.247   1089.735   3733.318   439.8895   53   564.965 
rwm  354.4908   199.0266   1356.749   720.8106   1851.564   134.9621   350   405.494 
mtm  936.9682   519.485   2470.348   794.0918   3333.895   227.8576   1656   646.532 
simpl  1846.525   1127.59   4369.577   1300.65   5055.862   466.6078   71   573.409 
rwm  387.7437   241.3791   2057.745   333.9877   2148.754   124.6975   306   386.848 
mtm  956.5339   510.4875   3870.699   659.2275   3144.537   302.5808   2239   630.093 
simpl  1848.357   1141.916   4101.078   1245.158   4148.766   468.5832   85   573.46 
rwm  343.7991   207.4912   1115.031   396.4894   1867.529   104.567   194   395.85 
mtm  924.7574   538.909   2460.148   969.8347   3472.937   217.3203   1916   641.418 
simpl  1754.459   1350.304   4801.056   1229.872   4872.853   454.8176   60   563.432 
rwm  415.4444   218.0504   1609.839   392.0813   1741.501   131.5166   207   384.899 
mtm  990.6452   547.4594   3085.504   939.8374   3551.759   223.412   1962   643.252 
simpl  1951.224   1181.584   3783.191   1336.183   4162.586   600.7161   78   570.719 
rwm  293.2041   140.3657   2085.287   267.0897   1245.074   75.86514   185   403.219 
mtm  878.8727   429.2148   2894.39   873.6414   3491.569   192.0313   1858   643.738 
simpl  2000.879   1259.635   5054.769   1239.514   4819.872   544.11   60   560.331 
rwm  415.6662   291.7473   1707.695   374.8086   1944.81   110.1796   295   387.2 
mtm  1042.789   601.3421   2649.503   753.6878   4368.716   341.9123   1649   646.108 
simpl  2091.809   1527.771   5593.78   1594.33   5079.756   643.9737   78   557.979 
rwm  298.6235   160.6192   1570.947   514.8749   1625.865   162.5176   293   422.094 
mtm  915.2492   658.3535   2618.339   867.5448   3616.363   246.1721   1453   636.653 
simpl  1847.027   1086.738   3118.369   1219.574   4152.152   494.7152   87   568.748 
rwm  386.7984   268.2385   1184.676   541.9135   2041.701   123.4932   235   402.105 
mtm  976.0197   649.9509   2917.638   988.4176   3315.6   319.3776   1766   634.595 
simpl  1810.231   1208.927   4368.375   1193.572   4233.434   540.1835   58   568.114 
rwm  411.7437   165.8104   1262.153   502.4221   1469.168   144.8366   390   398.849 
mtm  829.4961   465.9017   2308.309   706.9271   3097.484   244.5734   1859   641.297 
simpl  1833.305   1221.951   4611.923   1339.164   4365.433   493.8641   59   567.108 
rwm  370.5762   222.9188   1199.663   353.3652   1265.702   91.70866   398   412.354 
mtm  892.4835   496.1071   2457.335   887.5064   3208.264   245.8027   1551   632.405 
simpl  1934.808   1061.689   3936.606   1268.934   4373.34   560.4661   69   564.952 
rwm  320.6408   189.1879   1935.731   493.7465   1748.849   155.5798   266   407.925 
mtm  897.332   380.6255   3959.241   848.9805   3364.235   207.333   1777   637.219 
simpl  1869.943   1002.992   3009.987   1361.86   3830.922   530.0898   85   570.264 
rwm  355.5221   193.6796   1354.058   374.6845   1595.866   111.4651   230   388.631 
mtm  985.9678   710.3697   3881.038   1059.797   3986.03   290.2367   1804   631.482 
simpl  2097.337   1499.205   6378.688   1665.754   4457.245   684.7174   108   561.032 
rwm  361.4606   192.023   1351.001   388.0141   1890.892   119.4435   875   395.05 
mtm  913.7402   581.7472   4044.576   869.317   2463.099   239.8115   1582   645.108 
simpl  2026.441   1223.412   4886.216   1311.502   4244.58   623.9673   77   566.091 
rwm  415.325   293.7676   1580.559   368.2128   1421.592   137.363   209   392.512 
mtm  941.2461   622.3315   2792.781   780.1159   2959.003   240.6351   1667   639.831 
simpl  1980.829   1177.577   3131.983   1254.338   4204.824   617.9329   70   572.749 
rwm  349.1986   163.1072   1376.845   375.3462   1171.817   118.817   287   419.459 
mtm  995.8467   679.2677   2983.548   1106.552   4097.337   320.6193   1923   631.485 
simpl  2132.176   806.1074   3461.076   1760.832   4390.655   619.308   59   561.769 
rwm  377.6147   169.016   1112.418   441.3962   1950.689   250.3972   188   392.022 
mtm  1039.117   629.813   3266.53   745.1021   3568.339   338.8614   1568   639.835 
simpl  1938.635   1041.773   4990.837   1564.194   4006.207   550.5386   71   566.818 
rwm  433.3077   229.2521   1586.063   427.5783   2084.88   144.454   285   391.289 
mtm  1089.85   568.6457   2467.634   958.243   3382.206   366.8867   1723   643.9 
simpl  1768.906   1219.007   5048.121   1147.008   4150.237   558.7861   79   566.789 
rwm  379.7396   242.0732   1591.632   384.8207   1682.214   125.8132   391   394.887 
mtm  1012.529   463.7485   1825.558   887.0389   2749.575   221.4676   2016   635.326 
simpl  1815.113   918.4763   4004.888   1145.678   4086.609   545.4698   66   569.303 
rwm  388.1702   189.6001   1298.509   532.5859   1979.259   98.01124   197   397.29 
mtm  795.602   423.3419   3134.491   539.6189   2645.725   188.5908   1846   655.641 
simpl  1717.882   1106.224   5027.191   1217.621   4445.03   488.5678   92   575.969 
rwm  404.5352   269.1697   1335.138   498.7438   1728.264   108.6066   403   408.834 
mtm  1135.115   783.1208   4416.746   787.1162   4485.619   291.9975   1703   648.143 
simpl  1642.161   734.8363   3131.275   1084.89   4048.868   455.3379   61   576.515 
rwm  329.4072   138.0041   689.681   549.9552   1486.853   107.6803   229   422.919 
mtm  1023.891   735.04   3287.83   975.9392   3045.738   364.2865   1628   643.742 
simpl  1745.03   1186.381   4472.771   1294.946   3691.568   511.6899   58   565.503 
rwm  345.8849   184.1211   1102.976   517.2674   1585.055   118.6833   466   428.635 
mtm  992.0996   718.0521   2808.904   855.0271   2309.026   270.6227   1627   643.96 
simpl  1901.043   971.7517   5628.008   1080.803   3836.833   572.4179   57   563.855 
rwm  358.6942   183.4726   1224.297   373.5288   1901.801   203.3591   287   399.166 
mtm  966.0219   529.2855   3330.213   598.1343   3188.551   282.5661   1758   635.118 
simpl  1900.087   1162.399   4306.824   1550.325   4499.01   575.8925   49   562.883 
rwm  319.0442   213.9219   1294.258   466.7165   1480.229   145.8807   283   425.072 
mtm  889.4279   461.0622   2978.579   1009.007   2926.194   231.7681   1823   637.2 
simpl  1848.892   1357.152   4405.168   1276.569   3901.662   468.6127   83   563.802 
rwm  382.3115   164.0022   1100.798   305.0943   1412.19   104.664   205   415.502 
mtm  906.8169   601.3994   3538.186   716.958   3651.358   253.1088   1779   636.866 
