2   2.323808   23323.67   22772.06   0.2566426   0.25 
2   2.381785   23270.6   23137.78   0.2740227   0.2722222 
2   2.266028   22942.01   22704.05   0.297403   0.2944444 
2   2.183646   22594.69   22402.57   0.3176232   0.3166667 
2   2.044186   21935.66   21420.22   0.3395534   0.3388889 
2   1.925463   20334.4   20177.01   0.3618836   0.3611111 
2   1.91804   20025.36   19964.85   0.3838638   0.3833333 
2   1.771985   18844.84   18780.41   0.4068841   0.4055556 
2   1.630258   17278.98   17222.49   0.4279643   0.4277778 
2   1.521889   15474.03   15413.27   0.4497745   0.45 
5   2.139061   6161.714   5782.124   0.301783   0.25 
5   2.009194   9791.851   9369.513   0.3339633   0.2722222 
5   2.195543   12006.02   11228.42   0.3415634   0.2944444 
5   3.354918   13913.88   13538.52   0.3387734   0.3166667 
5   2.921698   14987.04   14779.97   0.3491235   0.3388889 
5   2.647396   15405.18   15035.63   0.3659837   0.3611111 
5   2.651282   15378.85   15145.26   0.3855739   0.3833333 
5   2.635212   15117.63   14921.59   0.4074241   0.4055556 
5   2.439757   15127.9   14888.87   0.4289443   0.4277778 
5   2.337814   14512.82   14314.06   0.4510945   0.45 
10   2.619072   3214.888   2813.016   0.2936129   0.25 
10   2.347416   5951.717   5592.912   0.3525035   0.2722222 
10   2.247002   6557.593   6023.695   0.3704837   0.2944444 
10   2.171468   7016.307   6572.056   0.3947739   0.3166667 
10   4.1499   7832.263   7246.443   0.397574   0.3388889 
10   3.820599   8641.354   8359.614   0.400784   0.3611111 
10   2.940304   10195.47   9901.718   0.3923839   0.3833333 
10   3.255879   10258.46   9976.458   0.4115341   0.4055556 
10   2.97582   10295.46   10098.06   0.4301543   0.4277778 
10   2.92594   10312   10091.17   0.4520745   0.45 
2   3.507527   8430.418   8425.577   0.2343223   0.2 
2   2.539571   21429.53   21244.39   0.2523225   0.2444444 
2   2.264676   23005.29   22892.24   0.2909829   0.2888889 
2   2.048843   22176.62   22013.05   0.3341733   0.3333333 
2   1.899001   20058.75   19924.56   0.3784438   0.3777778 
2   1.679497   17417.81   17189.02   0.4223942   0.4222222 
2   1.494702   14506.39   14416.84   0.4673247   0.4666667 
2   1.313034   11626.93   11446.92   0.5120551   0.5111111 
2   1.049787   8315.643   8284.553   0.5554356   0.5555556 
2   0.7937015   5069.395   5010.555   0.599446   0.6 
4   4.606404   3246.723   2802.957   0.2290923   0.2 
4   2.018313   7433.148   6753.346   0.298373   0.2444444 
4   2.380786   15581.26   14583.59   0.3110231   0.2888889 
4   2.633192   17290.65   16840.5   0.3382734   0.3333333 
4   2.477751   17116.76   16716.33   0.3794938   0.3777778 
4   2.25289   16381.14   16263.79   0.4230442   0.4222222 
4   2.100951   15166.49   14903.79   0.4676347   0.4666667 
4   1.947405   13918.72   13783.3   0.5110551   0.5111111 
4   1.799645   12161.27   12043.65   0.5564356   0.5555556 
4   1.594396   10342.95   10258.95   0.600996   0.6 
8   2.721966   2694.692   1781.517   0.2510725   0.2 
8   4.886137   3969.808   2891.975   0.2890229   0.2444444 
8   2.18764   6790.127   5999.328   0.3578636   0.2888889 
8   3.863435   9261.722   8500.517   0.3849738   0.3333333 
8   2.834695   11552.04   11312.62   0.3858639   0.3777778 
8   2.733956   11787.58   11580.95   0.4253743   0.4222222 
8   2.670099   11672.68   11578.48   0.4675947   0.4666667 
8   2.503562   11129.94   10814.73   0.5122951   0.5111111 
8   2.336594   10515.86   10361.1   0.5561956   0.5555556 
8   2.19881   9749.526   9675.875   0.599916   0.6 
16   5.791043   2085.462   1621.469   0.2767628   0.2 
16   2.645425   3424.978   2716.263   0.3421134   0.2444444 
16   2.469012   4615.358   4030.711   0.3819938   0.2888889 
16   4.751634   5228.567   4800.054   0.397634   0.3333333 
16   4.208836   6121.713   5921.306   0.4344343   0.3777778 
16   3.256292   7660.625   7484.339   0.4256543   0.4222222 
16   3.265183   7690.508   7547.815   0.4694547   0.4666667 
16   3.015542   7631.692   7429.895   0.5128551   0.5111111 
16   2.827266   7391.634   7219.071   0.5560056   0.5555556 
16   2.682301   7093.655   6852.603   0.600516   0.6 
32   2.998218   1829.712   1337.453   0.3398634   0.2 
32   3.082939   1671.384   1337.633   0.3260833   0.2444444 
32   2.781726   2592.797   2189.019   0.3888739   0.2888889 
32   5.339411   2883.145   2491.608   0.3934439   0.3333333 
32   2.408979   3390.676   3067.313   0.4782048   0.3777778 
32   4.48323   3792.068   3585.691   0.4862649   0.4222222 
32   4.074609   4337.971   4171.385   0.496045   0.4666667 
32   3.575834   4769.651   4395.335   0.5152752   0.5111111 
32   3.346521   4768.478   4584.563   0.5565056   0.5555556 
32   3.108345   4671.381   4471.543   0.600256   0.6 
64   6.91466   830.8883   644.5875   0.303383   0.2 
64   3.413401   906.4238   696.1447   0.3240632   0.2444444 
64   3.065478   1439.019   1152.45   0.3941439   0.2888889 
64   5.984756   1465.882   1146.226   0.3845438   0.3333333 
64   2.827461   1817.426   1616.988   0.4447844   0.3777778 
64   4.947535   2064.887   1937.04   0.5068151   0.4222222 
64   3.049625   2380.619   2251.143   0.5399954   0.4666667 
64   4.030946   2872.218   2729.096   0.5152452   0.5111111 
64   3.717844   2915.937   2788.333   0.5573356   0.5555556 
64   3.526578   2890.498   2702.972   0.600566   0.6