5   0.6389639 
10   0.6520652 
15   0.6181618 
20   0.5487549 
25   0.5375538 
30   0.4962496 
35   0.4836484 
40   0.4520452 
45   0.4381438 
50   0.4287429 
55   0.4070407 
60   0.4077408 
65   0.3734373 
70   0.3883388 
75   0.4040404 
80   0.3625363 
85   0.379538 
90   0.3570357 
95   0.3718372 
100   0.3662366 
105   0.3468347 
110   0.3350335 
115   0.3328333 
120   0.3179318 
125   0.3347335 
130   0.3308331 
135   0.3292329 
140   0.3326333 
145   0.3137314 
150   0.3066307 
155   0.3247325 
160   0.3437344 
165   0.3413341 
170   0.3083308 
175   0.29993 
180   0.3065307 
185   0.319832 
190   0.3174317 
195   0.3274327 
200   0.3016302 
205   0.29973 
210   0.3022302 
215   0.2912291 
220   0.3356336 
225   0.3107311 
230   0.2874287 
235   0.2887289 
240   0.269927 
245   0.3008301 
250   0.3034303 
250   0.2932293 
255   0.3109311 
260   0.3079308 
265   0.2879288 
270   0.2892289 
275   0.2909291 
280   0.2832283 
285   0.2864286 
290   0.3180318 
295   0.3014301 
300   0.3039304 
