5   1.525583   724.2639   0.2511251   0.2 
5   1.397716   958.739   0.2893289   0.2394737 
5   1.437008   1147.61   0.3141314   0.2789474 
5   2.107669   1352.993   0.3451345   0.3184211 
5   1.685608   1437.611   0.3710371   0.3578947 
5   1.573943   1519.943   0.4070407   0.3973684 
5   1.677016   1592.612   0.4450445   0.4368421 
5   1.461448   1674.586   0.4809481   0.4763158 
5   1.441061   1615.164   0.520452   0.5157895 
5   1.245483   1679.861   0.5594559   0.5552632 
5   1.156329   1540.808   0.5955596   0.5947368 
5   1.147079   1466.24   0.6375638   0.6342105 
5   0.9451178   1165.698   0.6780678   0.6736842 
5   0.7095971   838.653   0.7144714   0.7131579 
5   0.6381087   591.0495   0.7585759   0.7526316 
5   0.3926461   314.0319   0.7937794   0.7921053 
5   0.3021568   206.5436   0.8344834   0.8315789 
5   0.1993125   103.7055   0.8682868   0.8710526 
5   0.148904   62.15866   0.9111911   0.9105263 
5   0.07284076   21.55538   0.9393939   0.95 
10   2.270279   484.8563   0.2753275   0.2 
10   1.097854   411.5598   0.290229   0.2394737 
10   1.030687   647.1865   0.3288329   0.2789474 
10   1.850849   836.4618   0.3612361   0.3184211 
10   1.358839   1016.066   0.3868387   0.3578947 
10   1.500503   1103.198   0.4247425   0.3973684 
10   1.215058   1159.822   0.449745   0.4368421 
10   1.183544   1232.517   0.4859486   0.4763158 
10   1.114823   1284.794   0.5215522   0.5157895 
10   1.087939   1209.619   0.559856   0.5552632 
10   0.9992764   1145.893   0.5981598   0.5947368 
10   0.8911594   842.0233   0.6405641   0.6342105 
10   0.368169   295.064   0.6737674   0.6736842 
10   0.3139247   193.1463   0.7116712   0.7131579 
10   0.2634486   129.2633   0.7565757   0.7526316 
10   0.2144793   100.0093   0.7942794   0.7921053 
10   0.1601388   52.85687   0.8332833   0.8315789 
10   0.121345   34.76378   0.870387   0.8710526 
10   0.07426544   20.20933   0.9014901   0.9105263 
10   0.04564323   10.40117   0.940194   0.95 
15   2.107615   218.4343   0.2341234   0.2 
15   0.9179125   374.8861   0.3016302   0.2394737 
15   1.672591   524.8828   0.3234323   0.2789474 
15   1.56211   645.1941   0.3644364   0.3184211 
15   1.517154   753.1066   0.3927393   0.3578947 
15   1.074593   856.4003   0.4242424   0.3973684 
15   1.002292   905.9152   0.4542454   0.4368421 
15   0.9774048   962.3121   0.4844484   0.4763158 
15   0.960345   933.1164   0.5210521   0.5157895 
15   0.9287459   970.944   0.5608561   0.5552632 
15   0.8769351   803.3394   0.6030603   0.5947368 
15   0.3375769   193.7562   0.6359636   0.6342105 
15   0.2511027   139.4362   0.6725673   0.6736842 
15   0.2638252   107.0713   0.7167717   0.7131579 
15   0.1853838   66.63828   0.7566757   0.7526316 
15   0.165969   61.4653   0.7928793   0.7921053 
15   0.1228566   32.38606   0.8312831   0.8315789 
15   0.09372785   21.20751   0.8723872   0.8710526 
15   0.05954249   11.71643   0.9076908   0.9105263 
15   0.03525505   6.113866   0.9491949   0.95 
20   1.912427   173.2167   0.2406241   0.2 
20   0.8652009   305.1979   0.3005301   0.2394737 
20   0.7035725   359.5283   0.3227323   0.2789474 
20   0.6872874   519.8669   0.3517352   0.3184211 
20   1.019848   632.674   0.3975398   0.3578947 
20   0.6072154   633.7205   0.4194419   0.3973684 
20   0.9843744   773.4739   0.4472447   0.4368421 
20   0.9520619   751.3685   0.4917492   0.4763158 
20   0.9340558   804.4618   0.5223522   0.5157895 
20   0.4471734   306.0753   0.5585559   0.5552632 
20   0.3243397   129.2061   0.6023602   0.5947368 
20   0.2692196   116.1774   0.6412641   0.6342105 
20   0.2105665   81.42291   0.6743674   0.6736842 
20   0.1746952   56.5561   0.7165717   0.7131579 
20   0.1623918   53.8225   0.7541754   0.7526316 
20   0.1261127   36.75979   0.7936794   0.7921053 
20   0.09843334   24.87499   0.829983   0.8315789 
20   0.08043573   14.85817   0.8743874   0.8710526 
20   0.05730672   12.14653   0.9080908   0.9105263 
20   0.02826814   5.690394   0.9441944   0.95 
25   0.7619048   206.9945   0.2950295   0.2 
25   1.383585   312.2237   0.319532   0.2394737 
25   0.6444475   316.4551   0.320432   0.2789474 
25   1.163705   407.8116   0.3412341   0.3184211 
25   0.7038801   525.056   0.380038   0.3578947 
25   0.6411163   583.816   0.4243424   0.3973684 
25   0.9667962   661.3848   0.4552455   0.4368421 
25   0.9121871   629.8522   0.4894489   0.4763158 
25   0.8364641   655.5855   0.5249525   0.5157895 
25   0.7387331   604.1338   0.560356   0.5552632 
25   0.2432226   90.0026   0.59986   0.5947368 
25   0.2147451   74.41234   0.6360636   0.6342105 
25   0.1988413   52.15857   0.6789679   0.6736842 
25   0.1646305   43.33121   0.7179718   0.7131579 
25   0.1429344   40.72816   0.7547755   0.7526316 
25   0.1066979   28.58296   0.7913791   0.7921053 
25   0.0948509   17.84925   0.8364836   0.8315789 
25   0.07271294   13.12003   0.8730873   0.8710526 
25   0.04884679   9.325427   0.9047905   0.9105263 
25   0.02843537   5.86352   0.9490949   0.95 
30   0.7451963   154.7628   0.269627   0.2 
30   0.6954944   193.5948   0.3026303   0.2394737 
30   0.6381845   274.4502   0.3148315   0.2789474 
30   0.5805376   375.8053   0.3391339   0.3184211 
30   1.085398   439.1903   0.3838384   0.3578947 
30   0.9143777   535.677   0.4137414   0.3973684 
30   0.633774   524.2184   0.450345   0.4368421 
30   0.7692772   498.2622   0.4892489   0.4763158 
30   0.35013   122.5319   0.5252525   0.5157895 
30   0.2654761   103.1595   0.5574557   0.5552632 
30   0.2340565   81.55106   0.59976   0.5947368 
30   0.2387158   69.99518   0.6423642   0.6342105 
30   0.1634317   50.5427   0.6741674   0.6736842 
30   0.1363741   37.48328   0.7124712   0.7131579 
30   0.1166879   32.7237   0.7508751   0.7526316 
30   0.1117511   24.42246   0.7967797   0.7921053 
30   0.08430291   15.49667   0.8351835   0.8315789 
30   0.0614658   11.89804   0.8686869   0.8710526 
30   0.04401706   7.86996   0.9062906   0.9105263 
30   0.02486053   5.488421   0.9452945   0.95 
35   1.23956   206.2286   0.2957296   0.2 
35   0.7162002   184.9295   0.2782278   0.2394737 
35   0.6220756   243.8372   0.3120312   0.2789474 
35   0.8249205   353.0919   0.3420342   0.3184211 
35   0.6719152   386.769   0.3928393   0.3578947 
35   0.5503601   461.0186   0.4126413   0.3973684 
35   0.78078   527.3783   0.450445   0.4368421 
35   0.3325601   114.7395   0.4864486   0.4763158 
35   0.3381008   99.77295   0.5283528   0.5157895 
35   0.278159   89.2609   0.5620562   0.5552632 
35   0.1968935   75.79556   0.5918592   0.5947368 
35   0.1729829   51.08075   0.6371637   0.6342105 
35   0.1554148   46.5974   0.6774677   0.6736842 
35   0.1303587   29.78805   0.7151715   0.7131579 
35   0.1031591   26.49555   0.7488749   0.7526316 
35   0.09865465   18.37285   0.7972797   0.7921053 
35   0.0690453   14.14608   0.8274827   0.8315789 
35   0.05739066   12.51576   0.8643864   0.8710526 
35   0.04048138   7.903973   0.909891   0.9105263 
35   0.0187028   5.506276   0.9444944   0.95 
40   0.693927   129.8927   0.2575258   0.2 
40   0.6088181   158.1639   0.2928293   0.2394737 
40   0.6383786   222.5286   0.2942294   0.2789474 
40   0.5023665   292.6082   0.3291329   0.3184211 
40   0.9277057   360.2579   0.3682368   0.3578947 
40   0.7727803   388.5262   0.4210421   0.3973684 
40   0.4449952   293.4461   0.4471447   0.4368421 
40   0.6295728   470.6941   0.4840484   0.4763158 
40   0.2414525   79.68992   0.5229523   0.5157895 
40   0.2077205   71.67794   0.5591559   0.5552632 
40   0.1816778   45.38105   0.6031603   0.5947368 
40   0.1602583   47.19842   0.6378638   0.6342105 
40   0.1187305   38.75758   0.6724672   0.6736842 
40   0.1218141   33.19162   0.7121712   0.7131579 
40   0.1082269   21.92719   0.7570757   0.7526316 
40   0.08587869   20.36193   0.7886789   0.7921053 
40   0.06896531   12.69309   0.8337834   0.8315789 
40   0.0541771   9.733311   0.870487   0.8710526 
40   0.03925543   8.019932   0.9074907   0.9105263 
40   0.01985619   5.932354   0.9483948   0.95 
45   0.5797213   182.3544   0.2964296   0.2 
45   1.084651   180.8392   0.2814281   0.2394737 
45   0.524781   182.3902   0.2988299   0.2789474 
45   0.5759009   258.0493   0.3468347   0.3184211 
45   0.7470992   330.3011   0.3670367   0.3578947 
45   0.5468483   279.6731   0.4124412   0.3973684 
45   0.6257125   271.3245   0.4618462   0.4368421 
45   0.2519286   76.60396   0.4867487   0.4763158 
45   0.2262684   72.95131   0.5222522   0.5157895 
45   0.1839577   56.0223   0.5575558   0.5552632 
45   0.1634283   50.91536   0.5953595   0.5947368 
45   0.1729573   43.78781   0.6407641   0.6342105 
45   0.1292918   35.68608   0.6715672   0.6736842 
45   0.1235367   27.51249   0.7160716   0.7131579 
45   0.09242827   20.00783   0.7549755   0.7526316 
45   0.07270919   18.19937   0.7863786   0.7921053 
45   0.06942854   14.44335   0.8309831   0.8315789 
45   0.04534291   8.670646   0.8630863   0.8710526 
45   0.0334295   6.11361   0.9063906   0.9105263 
45   0.02137383   5.603749   0.9469947   0.95 
50   1.069429   156.8612   0.2785279   0.2 
50   1.201666   123.8362   0.2820282   0.2394737 
50   1.106409   172.2735   0.30013   0.2789474 
50   0.436894   233.0286   0.3230323   0.3184211 
50   0.9596261   264.1254   0.3589359   0.3578947 
50   0.783013   310.3393   0.4119412   0.3973684 
50   0.7502953   298.3214   0.4540454   0.4368421 
50   0.2871566   99.79578   0.4833483   0.4763158 
50   0.2021922   61.27053   0.5220522   0.5157895 
50   0.2003006   59.33306   0.5622562   0.5552632 
50   0.1586507   41.81427   0.5973597   0.5947368 
50   0.1482208   36.45854   0.6385639   0.6342105 
50   0.1217506   29.30627   0.6757676   0.6736842 
50   0.1073509   24.04802   0.7137714   0.7131579 
50   0.08633065   16.346   0.7531753   0.7526316 
50   0.08017247   15.50181   0.7932793   0.7921053 
50   0.06548718   13.53796   0.830183   0.8315789 
50   0.04130593   7.768091   0.8640864   0.8710526 
50   0.0329611   5.811489   0.9076908   0.9105263 
50   0.0169992   6.054935   0.9416942   0.95 
55   0.6215759   127.854   0.2664266   0.2 
55   0.5867823   124.2239   0.2813281   0.2394737 
55   0.6940255   190.7264   0.2916292   0.2789474 
55   0.5127477   246.8115   0.3313331   0.3184211 
55   0.393473   283.7427   0.359736   0.3578947 
55   0.4434699   177.0471   0.4077408   0.3973684 
55   0.3667713   95.2122   0.4543454   0.4368421 
55   0.2127389   68.06058   0.4809481   0.4763158 
55   0.195074   47.36157   0.5235524   0.5157895 
55   0.1927755   48.98173   0.5612561   0.5552632 
55   0.1454385   38.89317   0.5954595   0.5947368 
55   0.1405893   33.26047   0.6391639   0.6342105 
55   0.1239408   28.0454   0.6769677   0.6736842 
55   0.1018629   24.58952   0.7106711   0.7131579 
55   0.09019044   16.2059   0.7571757   0.7526316 
55   0.07402213   13.35902   0.7918792   0.7921053 
55   0.06038003   10.29404   0.8318832   0.8315789 
55   0.04555395   9.042527   0.8664866   0.8710526 
55   0.03204528   6.399062   0.9058906   0.9105263 
55   0.01602818   4.467086   0.9446945   0.95 
60   0.5884875   127.3366   0.269527   0.2 
60   1.144623   120.0704   0.2857286   0.2394737 
60   0.5109681   147.1316   0.289729   0.2789474 
60   0.4601311   223.8664   0.3244324   0.3184211 
60   0.5209332   226.5994   0.3683368   0.3578947 
60   0.6145444   214.0766   0.4119412   0.3973684 
60   0.2216962   59.34548   0.4444444   0.4368421 
60   0.2054099   55.58778   0.4847485   0.4763158 
60   0.1801001   49.55133   0.5208521   0.5157895 
60   0.1652493   41.31478   0.5587559   0.5552632 
60   0.1657587   33.51012   0.6033603   0.5947368 
60   0.1467442   28.49431   0.6416642   0.6342105 
60   0.1181992   30.83737   0.6762676   0.6736842 
60   0.09505981   18.97898   0.7127713   0.7131579 
60   0.0732553   15.0173   0.750075   0.7526316 
60   0.07603386   12.81522   0.7975798   0.7921053 
60   0.05557515   8.661185   0.8327833   0.8315789 
60   0.04726357   8.045351   0.869787   0.8710526 
60   0.0301215   6.177703   0.9067907   0.9105263 
60   0.01749567   4.485342   0.9424942   0.95 
65   0.4945564   123.7151   0.269927   0.2 
65   0.5369604   115.0808   0.2725273   0.2394737 
65   0.6826088   179.3844   0.2947295   0.2789474 
65   0.5463341   200.0481   0.3321332   0.3184211 
65   0.3027973   171.3996   0.350335   0.3578947 
65   0.2456452   142.1392   0.3980398   0.3973684 
65   0.2455248   68.31152   0.4477448   0.4368421 
65   0.2109073   61.57788   0.4844484   0.4763158 
65   0.2176617   50.36522   0.5249525   0.5157895 
65   0.1557979   34.23154   0.5591559   0.5552632 
65   0.1332096   34.25919   0.5964596   0.5947368 
65   0.1310085   30.94403   0.6376638   0.6342105 
65   0.09462404   25.0422   0.669667   0.6736842 
65   0.1033128   20.55654   0.7172717   0.7131579 
65   0.07484257   14.93666   0.7516752   0.7526316 
65   0.06253256   9.018667   0.7955796   0.7921053 
65   0.04780711   8.32118   0.8268827   0.8315789 
65   0.03626212   6.443394   0.8673867   0.8710526 
65   0.02610369   5.198209   0.9065907   0.9105263 
65   0.01827108   5.453665   0.9447945   0.95 
70   1.171547   98.48664   0.250025   0.2 
70   0.5117679   110.2492   0.2682268   0.2394737 
70   0.5260899   149.1308   0.2894289   0.2789474 
70   0.8838475   185.0217   0.3270327   0.3184211 
70   0.7169842   206.9448   0.3680368   0.3578947 
70   0.2505574   67.92344   0.4058406   0.3973684 
70   0.2283071   61.3946   0.4452445   0.4368421 
70   0.1870164   53.59948   0.4816482   0.4763158 
70   0.1676405   41.98379   0.519552   0.5157895 
70   0.1309728   34.92693   0.5576558   0.5552632 
70   0.1597503   34.28603   0.6026603   0.5947368 
70   0.1214859   22.55445   0.6415642   0.6342105 
70   0.09568192   19.33994   0.6745675   0.6736842 
70   0.09370344   18.76321   0.719672   0.7131579 
70   0.07136651   13.24689   0.7493749   0.7526316 
70   0.0658469   11.48902   0.7931793   0.7921053 
70   0.05429413   8.458796   0.8334833   0.8315789 
70   0.04154165   6.720129   0.8706871   0.8710526 
70   0.02557147   4.799854   0.9029903   0.9105263 
70   0.01654428   5.22112   0.9410941   0.95 
75   0.5886136   129.1999   0.2460246   0.2 
75   1.009865   115.5057   0.2849285   0.2394737 
75   0.512211   129.0143   0.30023   0.2789474 
75   0.4141299   175.0767   0.320132   0.3184211 
75   0.8258478   136.3971   0.3709371   0.3578947 
75   0.2543098   82.24278   0.4034403   0.3973684 
75   0.212417   76.92711   0.4376438   0.4368421 
75   0.201035   43.83632   0.4865487   0.4763158 
75   0.1604519   35.44063   0.5213521   0.5157895 
75   0.1536702   29.7547   0.5609561   0.5552632 
75   0.1526925   29.30403   0.6053605   0.5947368 
75   0.1221179   22.98798   0.6413641   0.6342105 
75   0.09981685   21.59892   0.6753675   0.6736842 
75   0.09076998   16.59687   0.7149715   0.7131579 
75   0.07022944   13.67132   0.7490749   0.7526316 
75   0.05906578   11.2874   0.7893789   0.7921053 
75   0.04210944   8.375265   0.8224822   0.8315789 
75   0.04298251   7.74293   0.8694869   0.8710526 
75   0.02672874   5.538483   0.9058906   0.9105263 
75   0.01544784   4.794113   0.9468947   0.95 
80   0.4776534   92.14183   0.259526   0.2 
80   1.043098   114.4865   0.2764276   0.2394737 
80   0.5373832   131.209   0.289829   0.2789474 
80   0.7269388   181.2683   0.3238324   0.3184211 
80   0.3473213   154.0426   0.3608361   0.3578947 
80   0.3981766   147.8243   0.4072407   0.3973684 
80   0.1680481   54.56913   0.4418442   0.4368421 
80   0.19347   47.68713   0.4808481   0.4763158 
80   0.1667428   36.03304   0.5230523   0.5157895 
80   0.1485775   36.89582   0.5569557   0.5552632 
80   0.1188679   23.74457   0.60036   0.5947368 
80   0.1166366   18.75111   0.639764   0.6342105 
80   0.08680059   19.5627   0.6717672   0.6736842 
80   0.08650457   15.90761   0.7153715   0.7131579 
80   0.07470976   12.99124   0.7541754   0.7526316 
80   0.05698629   9.592602   0.7908791   0.7921053 
80   0.05271134   8.678043   0.8371837   0.8315789 
80   0.03672425   6.094281   0.8716872   0.8710526 
80   0.02242406   4.59977   0.9067907   0.9105263 
80   0.01368887   4.355788   0.9427943   0.95 
85   1.050649   107.6612   0.2489249   0.2 
85   0.4986822   121.1142   0.2646265   0.2394737 
85   0.7712086   121.2062   0.2845285   0.2789474 
85   0.8647094   160.1613   0.3251325   0.3184211 
85   0.254821   124.4282   0.3553355   0.3578947 
85   0.2508365   49.9376   0.4061406   0.3973684 
85   0.1966135   45.79104   0.4409441   0.4368421 
85   0.1964404   39.13137   0.4857486   0.4763158 
85   0.1306281   28.83851   0.5230523   0.5157895 
85   0.1605921   28.97496   0.5614561   0.5552632 
85   0.132272   26.46084   0.6012601   0.5947368 
85   0.1059495   24.42156   0.6357636   0.6342105 
85   0.09960181   18.73226   0.6775678   0.6736842 
85   0.07691963   13.08449   0.7133713   0.7131579 
85   0.07237292   11.43766   0.7555756   0.7526316 
85   0.06093936   9.740316   0.7938794   0.7921053 
85   0.05019154   8.048964   0.8343834   0.8315789 
85   0.03584925   5.983062   0.8708871   0.8710526 
85   0.0228789   4.734723   0.9038904   0.9105263 
85   0.01458794   4.534263   0.9444944   0.95 
90   0.5128548   98.5315   0.2532253   0.2 
90   0.4895478   99.3435   0.2688269   0.2394737 
90   0.7516833   114.6064   0.2840284   0.2789474 
90   0.8497943   132.473   0.3359336   0.3184211 
90   0.2176823   80.46701   0.3655366   0.3578947 
90   0.1323647   91.89789   0.3922392   0.3973684 
90   0.1959595   43.69252   0.4419442   0.4368421 
90   0.1526642   36.35904   0.4806481   0.4763158 
90   0.1476088   30.83451   0.5211521   0.5157895 
90   0.1405365   25.12544   0.5611561   0.5552632 
90   0.1061715   24.07786   0.5957596   0.5947368 
90   0.1174819   19.46086   0.6408641   0.6342105 
90   0.09519114   17.17323   0.6782678   0.6736842 
90   0.08032293   15.65652   0.7140714   0.7131579 
90   0.07264382   11.66962   0.7575758   0.7526316 
90   0.05184236   8.78114   0.790079   0.7921053 
90   0.04460145   7.136223   0.830483   0.8315789 
90   0.03425461   6.412852   0.8644864   0.8710526 
90   0.02242463   5.203272   0.9060906   0.9105263 
90   0.01535559   4.846894   0.9448945   0.95 
95   0.4789749   99.4745   0.2692269   0.2 
95   0.659473   99.73703   0.2529253   0.2394737 
95   0.4157124   123.3207   0.289529   0.2789474 
95   0.5314952   163.1651   0.3270327   0.3184211 
95   0.2407967   67.97762   0.3637364   0.3578947 
95   0.2322172   43.30393   0.4037404   0.3973684 
95   0.2012088   45.21633   0.4443444   0.4368421 
95   0.1562642   36.95604   0.4821482   0.4763158 
95   0.1546267   31.88245   0.5211521   0.5157895 
95   0.1206205   26.9161   0.5554555   0.5552632 
95   0.1113921   25.93975   0.5953595   0.5947368 
95   0.1046128   21.98043   0.6346635   0.6342105 
95   0.08473673   14.64859   0.6751675   0.6736842 
95   0.08170862   13.61329   0.7164716   0.7131579 
95   0.06262411   11.04541   0.7510751   0.7526316 
95   0.06029074   10.72957   0.7932793   0.7921053 
95   0.0410626   6.587894   0.8284828   0.8315789 
95   0.03586893   6.790433   0.8686869   0.8710526 
95   0.02498495   5.371765   0.9076908   0.9105263 
95   0.01582349   5.817812   0.9435944   0.95 
100   0.9962625   95.83262   0.2507251   0.2 
100   0.4608651   98.43869   0.2677268   0.2394737 
100   0.7473611   101.3649   0.2831283   0.2789474 
100   0.3701018   148.8473   0.3216322   0.3184211 
100   0.2888746   71.5243   0.3646365   0.3578947 
100   0.1670525   41.61816   0.4012401   0.3973684 
100   0.1506339   32.48173   0.4428443   0.4368421 
100   0.130906   31.36562   0.4835484   0.4763158 
100   0.1388543   25.67219   0.519952   0.5157895 
100   0.1149687   24.98273   0.5571557   0.5552632 
100   0.1200576   18.94716   0.6065607   0.5947368 
100   0.09108442   18.50853   0.6346635   0.6342105 
100   0.08566644   15.96637   0.6738674   0.6736842 
100   0.07630465   13.86498   0.7143714   0.7131579 
100   0.05977745   10.25274   0.7510751   0.7526316 
100   0.05418553   8.70373   0.7937794   0.7921053 
100   0.04095927   7.04604   0.8311831   0.8315789 
100   0.03198444   6.105763   0.8678868   0.8710526 
100   0.02050329   4.681265   0.9038904   0.9105263 
100   0.01398377   4.808987   0.9442944   0.95 
105   0.8783101   93.32711   0.2758276   0.2 
105   0.9613486   98.328   0.2583258   0.2394737 
105   0.4019987   93.8976   0.2826283   0.2789474 
105   0.7649694   103.7427   0.3327333   0.3184211 
105   0.2346513   56.21783   0.3629363   0.3578947 
105   0.1756578   46.61306   0.4007401   0.3973684 
105   0.1462714   33.88067   0.4430443   0.4368421 
105   0.1513592   26.84307   0.4843484   0.4763158 
105   0.1181355   28.36708   0.5152515   0.5157895 
105   0.1305596   25.24656   0.560256   0.5552632 
105   0.11313   23.84001   0.5985599   0.5947368 
105   0.0880332   16.78865   0.6368637   0.6342105 
105   0.0867051   14.10257   0.6772677   0.6736842 
105   0.0707923   12.80392   0.7134713   0.7131579 
105   0.06318448   10.54588   0.7537754   0.7526316 
105   0.04994912   7.664541   0.7931793   0.7921053 
105   0.04200815   7.619237   0.830183   0.8315789 
105   0.03089501   5.491222   0.8709871   0.8710526 
105   0.02432085   5.315282   0.9038904   0.9105263 
105   0.01212987   4.586392   0.9419942   0.95 
110   0.4679454   94.96356   0.2623262   0.2 
110   0.4549948   95.55647   0.270327   0.2394737 
110   0.8553876   118.0469   0.2850285   0.2789474 
110   0.3197206   104.1826   0.3221322   0.3184211 
110   0.180441   103.1791   0.3605361   0.3578947 
110   0.193269   35.40765   0.4071407   0.3973684 
110   0.165201   35.92988   0.4441444   0.4368421 
110   0.1662167   32.44922   0.4827483   0.4763158 
110   0.1330827   23.06424   0.5207521   0.5157895 
110   0.1076297   24.17443   0.5564556   0.5552632 
110   0.1052518   21.13104   0.5949595   0.5947368 
110   0.09519906   17.28407   0.6385639   0.6342105 
110   0.07995399   13.28326   0.6769677   0.6736842 
110   0.06678356   12.2696   0.710371   0.7131579 
110   0.06299882   11.37013   0.7523752   0.7526316 
110   0.04670928   7.128836   0.7927793   0.7921053 
110   0.04352881   6.836036   0.8331833   0.8315789 
110   0.03288125   5.66135   0.8709871   0.8710526 
110   0.02011144   4.13137   0.9065907   0.9105263 
110   0.01218971   5.697947   0.9436944   0.95 
115   0.9457452   98.35161   0.2658266   0.2 
115   0.4304954   96.62153   0.2575258   0.2394737 
115   0.4696761   107.8394   0.2993299   0.2789474 
115   0.2059387   79.61648   0.309531   0.3184211 
115   0.2187704   48.96651   0.3663366   0.3578947 
115   0.1808027   35.62917   0.4024402   0.3973684 
115   0.1339176   33.75339   0.4430443   0.4368421 
115   0.151185   24.03513   0.4849485   0.4763158 
115   0.1180807   26.79352   0.5180518   0.5157895 
115   0.1139149   18.60615   0.5588559   0.5552632 
115   0.1060042   19.39451   0.5965597   0.5947368 
115   0.07934321   16.46968   0.6328633   0.6342105 
115   0.07108174   12.87218   0.6734673   0.6736842 
115   0.06602447   10.96536   0.7146715   0.7131579 
115   0.06322971   9.816884   0.7558756   0.7526316 
115   0.0525098   7.554485   0.7975798   0.7921053 
115   0.03704324   6.539164   0.8275828   0.8315789 
115   0.03151229   6.107131   0.8668867   0.8710526 
115   0.02229883   4.783691   0.9090909   0.9105263 
115   0.01356446   5.373728   0.9478948   0.95 
120   0.4225288   86.71897   0.2617262   0.2 
120   0.4373709   92.35674   0.2618262   0.2394737 
120   0.4129435   107.8167   0.2863286   0.2789474 
120   0.2266142   67.31144   0.3205321   0.3184211 
120   0.1695559   37.32535   0.3636364   0.3578947 
120   0.1590736   39.13398   0.39964   0.3973684 
120   0.143975   27.80415   0.4452445   0.4368421 
120   0.1511979   24.54512   0.4841484   0.4763158 
120   0.1358263   25.01916   0.5224522   0.5157895 
120   0.1032842   20.53025   0.5577558   0.5552632 
120   0.1004003   22.90507   0.5934593   0.5947368 
120   0.1016756   18.15921   0.6410641   0.6342105 
120   0.07755164   12.56039   0.6756676   0.6736842 
120   0.07630936   11.05611   0.7184718   0.7131579 
120   0.05953955   9.28215   0.7538754   0.7526316 
120   0.0500703   7.632831   0.7952795   0.7921053 
120   0.03537128   5.596086   0.830483   0.8315789 
120   0.0299391   5.159384   0.870287   0.8710526 
120   0.02128118   4.78824   0.9071907   0.9105263 
120   0.0129251   4.56963   0.9444944   0.95 
125   0.4472136   88.22145   0.2670267   0.2 
125   0.8782764   93.22868   0.2662266   0.2394737 
125   0.6705339   88.30491   0.2816282   0.2789474 
125   0.7140185   90.76249   0.3250325   0.3184211 
125   0.2445956   37.44236   0.3688369   0.3578947 
125   0.1728962   37.04902   0.4045405   0.3973684 
125   0.1567544   31.26359   0.4411441   0.4368421 
125   0.1314404   28.96206   0.4793479   0.4763158 
125   0.1151873   22.62679   0.519852   0.5157895 
125   0.1117406   20.96784   0.559656   0.5552632 
125   0.1050736   19.30051   0.5981598   0.5947368 
125   0.09004275   16.62832   0.6374637   0.6342105 
125   0.08008903   12.73218   0.6768677   0.6736842 
125   0.06891642   10.88438   0.7162716   0.7131579 
125   0.05512003   9.330964   0.7525753   0.7526316 
125   0.04731188   8.623546   0.7885789   0.7921053 
125   0.04350213   6.996357   0.8337834   0.8315789 
125   0.02621882   5.440967   0.8646865   0.8710526 
125   0.0213642   5.364781   0.9060906   0.9105263 
125   0.01214692   5.508009   0.9420942   0.95 
130   0.4357702   89.81186   0.2653265   0.2 
130   0.4398257   81.52618   0.2586259   0.2394737 
130   0.8097731   99.37558   0.2939294   0.2789474 
130   0.2280496   60.16949   0.3192319   0.3184211 
130   0.1650415   35.81172   0.3627363   0.3578947 
130   0.1789172   29.92147   0.4067407   0.3973684 
130   0.1552077   27.35886   0.4388439   0.4368421 
130   0.1406658   27.33151   0.4813481   0.4763158 
130   0.142188   27.46174   0.5218522   0.5157895 
130   0.108565   18.94944   0.5612561   0.5552632 
130   0.09052162   17.35113   0.5980598   0.5947368 
130   0.08442562   13.183   0.6364636   0.6342105 
130   0.07656151   13.12861   0.6764676   0.6736842 
130   0.06666341   10.59205   0.7163716   0.7131579 
130   0.05747589   9.696853   0.7534753   0.7526316 
130   0.04499679   6.976788   0.7932793   0.7921053 
130   0.0353311   5.752969   0.8306831   0.8315789 
130   0.02927521   5.357738   0.8689869   0.8710526 
130   0.0215653   5.024247   0.9069907   0.9105263 
130   0.01293909   4.72648   0.9407941   0.95 
135   0.8739227   88.87617   0.2674267   0.2 
135   0.330883   76.8313   0.2460246   0.2394737 
135   0.2543532   53.39495   0.2874287   0.2789474 
135   0.1953923   75.72413   0.3149315   0.3184211 
135   0.260726   41.22723   0.3685369   0.3578947 
135   0.1644327   27.7819   0.4056406   0.3973684 
135   0.148259   26.4482   0.4436444   0.4368421 
135   0.1253676   24.59921   0.479648   0.4763158 
135   0.122691   20.9428   0.5252525   0.5157895 
135   0.1090526   17.85335   0.5583558   0.5552632 
135   0.1042607   18.93557   0.59976   0.5947368 
135   0.08748583   14.6716   0.6379638   0.6342105 
135   0.07673589   14.3682   0.6725673   0.6736842 
135   0.07064399   11.49153   0.7161716   0.7131579 
135   0.05642827   8.595138   0.7546755   0.7526316 
135   0.0505182   8.239873   0.7927793   0.7921053 
135   0.03597644   5.921694   0.8292829   0.8315789 
135   0.02860108   5.678809   0.8665867   0.8710526 
135   0.01992629   4.659071   0.90029   0.9105263 
135   0.01205155   5.025767   0.9486949   0.95 
140   0.7515891   77.29491   0.2430243   0.2 
140   0.8356479   83.31799   0.2679268   0.2394737 
140   0.3721135   88.29876   0.2814281   0.2789474 
140   0.2113837   49.15779   0.3239324   0.3184211 
140   0.2034081   33.68465   0.3665367   0.3578947 
140   0.1587443   26.69347   0.4088409   0.3973684 
140   0.1319966   24.49774   0.4423442   0.4368421 
140   0.1248147   22.93285   0.4824482   0.4763158 
140   0.1185761   20.5381   0.5193519   0.5157895 
140   0.1086245   16.84007   0.559756   0.5552632 
140   0.0781715   15.14308   0.5943594   0.5947368 
140   0.08548388   13.46058   0.6379638   0.6342105 
140   0.07012275   12.27757   0.6736674   0.6736842 
140   0.06482376   10.54262   0.7134713   0.7131579 
140   0.06085617   8.672345   0.7574757   0.7526316 
140   0.04664744   7.880364   0.7924792   0.7921053 
140   0.03870773   6.212595   0.829883   0.8315789 
140   0.02997113   5.05919   0.8731873   0.8710526 
140   0.02055234   5.185219   0.9036904   0.9105263 
140   0.01278101   5.125186   0.9428943   0.95 
145   0.8348534   79.8574   0.259526   0.2 
145   0.4265753   86.75218   0.259826   0.2394737 
145   0.7054087   88.86675   0.2911291   0.2789474 
145   0.6538773   85.16886   0.319832   0.3184211 
145   0.1663259   30.83006   0.3627363   0.3578947 
145   0.1778819   30.15448   0.4044404   0.3973684 
145   0.1079474   24.67304   0.4405441   0.4368421 
145   0.1300454   21.18547   0.4818482   0.4763158 
145   0.1291747   19.1839   0.5216522   0.5157895 
145   0.09649045   17.02413   0.5575558   0.5552632 
145   0.0805825   16.51013   0.5931593   0.5947368 
145   0.08582154   12.87268   0.6385639   0.6342105 
145   0.07593055   12.22152   0.6760676   0.6736842 
145   0.06137563   9.932323   0.7130713   0.7131579 
145   0.05333862   8.683549   0.7510751   0.7526316 
145   0.04348364   7.574977   0.7917792   0.7921053 
145   0.03450024   5.973584   0.8307831   0.8315789 
145   0.02547168   5.222651   0.8652865   0.8710526 
145   0.01818829   4.518564   0.9066907   0.9105263 
145   0.01251535   5.373017   0.9411941   0.95 
150   0.450642   82.34454   0.2416242   0.2 
150   0.8603534   77.06275   0.2690269   0.2394737 
150   0.4697927   83.34805   0.2949295   0.2789474 
150   0.6148372   56.24905   0.329933   0.3184211 
150   0.1922928   31.16318   0.3668367   0.3578947 
150   0.1577731   20.8238   0.4081408   0.3973684 
150   0.141418   23.5359   0.4462446   0.4368421 
150   0.1339781   23.36258   0.4819482   0.4763158 
150   0.1226281   20.04685   0.519552   0.5157895 
150   0.09807893   17.5848   0.5557556   0.5552632 
150   0.0872134   16.11919   0.5954595   0.5947368 
150   0.08162968   12.97952   0.6368637   0.6342105 
150   0.07332775   10.78054   0.6767677   0.6736842 
150   0.06060516   9.519183   0.7146715   0.7131579 
150   0.05498898   9.593116   0.7538754   0.7526316 
150   0.04501201   7.741634   0.7915792   0.7921053 
150   0.03243405   6.689989   0.8253825   0.8315789 
150   0.02727812   5.906899   0.8660866   0.8710526 
150   0.01988464   4.811082   0.909791   0.9105263 
150   0.01227203   5.303915   0.9438944   0.95 
155   0.3928886   74.78461   0.2577258   0.2 
155   0.8469795   80.82964   0.259826   0.2394737 
155   0.251905   51.05961   0.2847285   0.2789474 
155   0.2716416   56.42793   0.3182318   0.3184211 
155   0.1783196   29.47055   0.3710371   0.3578947 
155   0.1293053   22.6993   0.4023402   0.3973684 
155   0.1299413   27.79912   0.439544   0.4368421 
155   0.1068949   23.50841   0.4778478   0.4763158 
155   0.1147386   19.46433   0.5207521   0.5157895 
155   0.1077495   17.72408   0.560056   0.5552632 
155   0.1077465   14.14934   0.6041604   0.5947368 
155   0.07278076   13.71689   0.6316632   0.6342105 
155   0.07069599   12.05936   0.6750675   0.6736842 
155   0.06170912   9.314388   0.7162716   0.7131579 
155   0.05673962   9.81597   0.7533753   0.7526316 
155   0.04181168   6.923977   0.790379   0.7921053 
155   0.03421694   5.636463   0.8318832   0.8315789 
155   0.02955336   5.729461   0.869587   0.8710526 
155   0.02050151   5.298316   0.9049905   0.9105263 
155   0.0105208   5.387659   0.940294   0.95 
160   0.406425   76.52029   0.2584258   0.2 
160   0.727031   83.47712   0.2632263   0.2394737 
160   0.4079832   81.14326   0.2894289   0.2789474 
160   0.2736918   36.85528   0.3308331   0.3184211 
160   0.1645013   31.98097   0.3638364   0.3578947 
160   0.1437586   28.66263   0.4015402   0.3973684 
160   0.1433116   23.73655   0.440344   0.4368421 
160   0.1266269   21.51659   0.480148   0.4763158 
160   0.09494958   16.61468   0.5186519   0.5157895 
160   0.08858856   16.00591   0.5564556   0.5552632 
160   0.08760749   15.05326   0.5964596   0.5947368 
160   0.07282215   13.74466   0.6318632   0.6342105 
160   0.06961776   9.76285   0.680268   0.6736842 
160   0.06016912   9.319812   0.7148715   0.7131579 
160   0.05090981   7.610694   0.7546755   0.7526316 
160   0.04091644   6.515662   0.7907791   0.7921053 
160   0.03151143   5.593338   0.829983   0.8315789 
160   0.02613776   5.696323   0.8677868   0.8710526 
160   0.01948949   4.881655   0.9080908   0.9105263 
160   0.01113786   5.744028   0.9462946   0.95 
165   0.3721715   61.07804   0.2469247   0.2 
165   0.388716   80.71675   0.2561256   0.2394737 
165   0.3362998   60.39623   0.2784278   0.2789474 
165   0.2058614   44.23993   0.3225323   0.3184211 
165   0.1439094   27.64019   0.3644364   0.3578947 
165   0.137919   24.49662   0.4050405   0.3973684 
165   0.1384749   23.15935   0.4420442   0.4368421 
165   0.1168657   18.84101   0.4829483   0.4763158 
165   0.09304095   16.40056   0.5175518   0.5157895 
165   0.0948905   16.6381   0.5578558   0.5552632 
165   0.0854171   14.3837   0.5963596   0.5947368 
165   0.07394301   12.33213   0.6367637   0.6342105 
165   0.06491365   11.56744   0.6726673   0.6736842 
165   0.0494369   7.983543   0.7110711   0.7131579 
165   0.05351798   8.516699   0.7545755   0.7526316 
165   0.03669643   6.038971   0.7887789   0.7921053 
165   0.03247415   5.549433   0.8285829   0.8315789 
165   0.02462178   4.721055   0.8672867   0.8710526 
165   0.01782135   5.051112   0.9028903   0.9105263 
165   0.01250971   5.260382   0.9440944   0.95 
170   0.4269685   75.36734   0.230223   0.2 
170   0.3477891   79.52929   0.2556256   0.2394737 
170   0.3736341   51.3556   0.2917292   0.2789474 
170   0.247105   76.81165   0.3174317   0.3184211 
170   0.1840634   28.61506   0.3657366   0.3578947 
170   0.1671799   25.16117   0.410241   0.3973684 
170   0.1385443   23.42228   0.4413441   0.4368421 
170   0.1235411   22.56084   0.4811481   0.4763158 
170   0.1166531   19.15418   0.5220522   0.5157895 
170   0.1010919   16.80305   0.560156   0.5552632 
170   0.07707932   13.96336   0.5933593   0.5947368 
170   0.06597323   11.72422   0.6318632   0.6342105 
170   0.06212732   12.25584   0.670367   0.6736842 
170   0.05920803   8.851197   0.7144714   0.7131579 
170   0.04822435   7.236873   0.7531753   0.7526316 
170   0.03698585   6.683395   0.7876788   0.7921053 
170   0.03098819   5.120744   0.8324832   0.8315789 
170   0.02646581   5.128767   0.869987   0.8710526 
170   0.0188956   5.249691   0.9046905   0.9105263 
170   0.01003287   5.155849   0.940194   0.95 
175   0.3714058   75.98885   0.260226   0.2 
175   0.7755843   70.59068   0.2652265   0.2394737 
175   0.3714398   80.13209   0.2808281   0.2789474 
175   0.156041   41.17428   0.3172317   0.3184211 
175   0.2032392   27.90581   0.3666367   0.3578947 
175   0.1705026   20.83635   0.4093409   0.3973684 
175   0.1183039   21.78763   0.4389439   0.4368421 
175   0.1037187   20.5729   0.479648   0.4763158 
175   0.08901957   16.5687   0.5168517   0.5157895 
175   0.1040572   15.46179   0.5618562   0.5552632 
175   0.07814434   13.51978   0.5967597   0.5947368 
175   0.06341074   11.10491   0.6322632   0.6342105 
175   0.06262806   10.8223   0.6720672   0.6736842 
175   0.06081851   9.030884   0.7162716   0.7131579 
175   0.04584473   7.514319   0.749975   0.7526316 
175   0.0431069   6.501509   0.7949795   0.7921053 
175   0.03402322   5.898734   0.8292829   0.8315789 
175   0.02517659   5.036772   0.869787   0.8710526 
175   0.01646314   4.970853   0.8991899   0.9105263 
175   0.01065009   5.418739   0.9407941   0.95 
180   0.7586883   69.72339   0.2636264   0.2 
180   0.3705505   74.84635   0.2693269   0.2394737 
180   0.3730091   81.07523   0.2831283   0.2789474 
180   0.1686322   46.98436   0.3172317   0.3184211 
180   0.157318   25.66821   0.3658366   0.3578947 
180   0.1107116   23.27043   0.4007401   0.3973684 
180   0.1151615   21.1075   0.4418442   0.4368421 
180   0.1334959   21.20938   0.4836484   0.4763158 
180   0.09832214   16.12019   0.5188519   0.5157895 
180   0.08588663   13.04405   0.5571557   0.5552632 
180   0.08409368   14.49332   0.59966   0.5947368 
180   0.0720309   12.61027   0.6363636   0.6342105 
180   0.0641944   10.37548   0.6739674   0.6736842 
180   0.06061582   9.237795   0.7160716   0.7131579 
180   0.04623646   7.552005   0.7524752   0.7526316 
180   0.03945162   6.408495   0.790479   0.7921053 
180   0.03059214   5.490388   0.8292829   0.8315789 
180   0.02435014   4.863229   0.8667867   0.8710526 
180   0.01706384   4.833481   0.9041904   0.9105263 
180   0.01189371   5.426048   0.9432943   0.95 
185   0.8229568   72.82619   0.2452245   0.2 
185   0.7306353   69.98301   0.249825   0.2394737 
185   0.6348047   79.23958   0.2872287   0.2789474 
185   0.1657748   24.41005   0.3264326   0.3184211 
185   0.1670328   25.84311   0.3650365   0.3578947 
185   0.1221179   19.74776   0.3992399   0.3973684 
185   0.1496582   19.27851   0.4450445   0.4368421 
185   0.121484   18.33321   0.4810481   0.4763158 
185   0.09429746   13.44551   0.520352   0.5157895 
185   0.08957741   14.3936   0.5561556   0.5552632 
185   0.0763213   12.94086   0.5959596   0.5947368 
185   0.06680558   10.19055   0.6363636   0.6342105 
185   0.05616229   9.731706   0.6710671   0.6736842 
185   0.05431407   8.868271   0.7134713   0.7131579 
185   0.04874481   8.514802   0.7511751   0.7526316 
185   0.03867652   6.541144   0.7912791   0.7921053 
185   0.03164443   6.033487   0.829683   0.8315789 
185   0.02339288   5.435145   0.8631863   0.8710526 
185   0.01866171   5.222749   0.9088909   0.9105263 
185   0.01031462   5.606089   0.9407941   0.95 
190   0.3600084   66.91562   0.2623262   0.2 
190   0.388579   69.60147   0.2578258   0.2394737 
190   0.3445685   63.35756   0.2811281   0.2789474 
190   0.1598743   26.3874   0.3257326   0.3184211 
190   0.1546483   24.9011   0.3609361   0.3578947 
190   0.1288605   21.43681   0.4064406   0.3973684 
190   0.1072522   21.82454   0.4380438   0.4368421 
190   0.1049862   19.87306   0.480348   0.4763158 
190   0.08737917   14.6195   0.5155516   0.5157895 
190   0.09485328   14.07427   0.5582558   0.5552632 
190   0.07574997   12.19043   0.5960596   0.5947368 
190   0.075714   11.50482   0.6383638   0.6342105 
190   0.06425694   9.708948   0.6740674   0.6736842 
190   0.05284026   8.141231   0.7126713   0.7131579 
190   0.04687533   7.331619   0.7537754   0.7526316 
190   0.03725154   6.264578   0.790279   0.7921053 
190   0.03230739   5.823808   0.830483   0.8315789 
190   0.02598784   5.243174   0.8721872   0.8710526 
190   0.0167504   5.228111   0.9046905   0.9105263 
190   0.01171124   5.090211   0.9441944   0.95 
195   0.3709764   73.56191   0.2673267   0.2 
195   0.722352   70.00612   0.2714271   0.2394737 
195   0.2452143   72.80656   0.2819282   0.2789474 
195   0.1528908   24.99221   0.3234323   0.3184211 
195   0.1532643   22.34199   0.3623362   0.3578947 
195   0.1033318   18.17417   0.39974   0.3973684 
195   0.124279   19.35417   0.4410441   0.4368421 
195   0.1120427   18.20889   0.4822482   0.4763158 
195   0.09666746   15.58423   0.520152   0.5157895 
195   0.08541347   14.47327   0.5558556   0.5552632 
195   0.07032881   13.11417   0.5946595   0.5947368 
195   0.07995566   11.19186   0.6420642   0.6342105 
195   0.05527911   9.550281   0.6712671   0.6736842 
195   0.0539873   8.593522   0.7130713   0.7131579 
195   0.04610792   6.986588   0.7556756   0.7526316 
195   0.03796278   6.493913   0.7910791   0.7921053 
195   0.03179831   5.967751   0.829583   0.8315789 
195   0.02398967   4.784863   0.8691869   0.8710526 
195   0.01781217   5.060825   0.9075908   0.9105263 
195   0.01026709   5.828313   0.9436944   0.95 
200   0.3761431   70.62567   0.2559256   0.2 
200   0.3831717   70.14307   0.260126   0.2394737 
200   0.7034789   52.72414   0.2966297   0.2789474 
200   0.1836085   27.44933   0.3267327   0.3184211 
200   0.1118588   25.09152   0.3629363   0.3578947 
200   0.1201152   21.46269   0.4006401   0.3973684 
200   0.1023023   17.42872   0.4413441   0.4368421 
200   0.09388264   16.76048   0.479848   0.4763158 
200   0.08139401   11.96149   0.5180518   0.5157895 
200   0.08410186   14.34622   0.5570557   0.5552632 
200   0.0780997   11.23772   0.5979598   0.5947368 
200   0.06691561   10.6652   0.6356636   0.6342105 
200   0.06037107   9.571694   0.6744674   0.6736842 
200   0.05805369   8.720325   0.7151715   0.7131579 
200   0.04882565   7.698018   0.7516752   0.7526316 
200   0.0351309   6.352847   0.7882788   0.7921053 
200   0.03133275   5.320591   0.829783   0.8315789 
200   0.02436024   5.232748   0.870087   0.8710526 
200   0.01761691   5.093118   0.9032903   0.9105263 
200   0.009401632   5.242161   0.9408941   0.95 
205   0.3482333   62.76059   0.2475248   0.2 
205   0.3653587   61.57793   0.260426   0.2394737 
205   0.2242035   36.08604   0.2860286   0.2789474 
205   0.1317327   26.74602   0.3243324   0.3184211 
205   0.156067   26.75681   0.3663366   0.3578947 
205   0.110128   20.70538   0.39964   0.3973684 
205   0.1064626   15.04681   0.4444444   0.4368421 
205   0.08967302   16.02055   0.4750475   0.4763158 
205   0.08769967   15.01599   0.5178518   0.5157895 
205   0.0858897   13.87117   0.5560556   0.5552632 
205   0.07620195   11.98562   0.5955596   0.5947368 
205   0.07318928   10.2265   0.6385639   0.6342105 
205   0.0611164   9.41631   0.6763676   0.6736842 
205   0.05070266   8.423981   0.7109711   0.7131579 
205   0.04319094   7.129081   0.7488749   0.7526316 
205   0.03752947   5.520719   0.7946795   0.7921053 
205   0.03236342   5.734596   0.8311831   0.8315789 
205   0.02331373   5.726386   0.8658866   0.8710526 
205   0.01550919   4.655875   0.9020902   0.9105263 
205   0.009698679   5.431928   0.939994   0.95 
210   0.7167819   65.65109   0.2573257   0.2 
210   0.3650916   71.19582   0.2608261   0.2394737 
210   0.1588233   24.11287   0.2860286   0.2789474 
210   0.1615398   30.26066   0.3243324   0.3184211 
210   0.1488419   23.51826   0.3654365   0.3578947 
210   0.1467488   18.98966   0.4051405   0.3973684 
210   0.1308153   16.23727   0.4485449   0.4368421 
210   0.1105582   16.55316   0.4824482   0.4763158 
210   0.1043579   14.86134   0.5233523   0.5157895 
210   0.07804455   13.75642   0.5585559   0.5552632 
210   0.0749184   11.61704   0.5958596   0.5947368 
210   0.07434553   10.45509   0.6361636   0.6342105 
210   0.05763508   9.514465   0.6727673   0.6736842 
210   0.05521094   7.765258   0.7172717   0.7131579 
210   0.04603017   6.794303   0.7517752   0.7526316 
210   0.03549877   6.214261   0.7908791   0.7921053 
210   0.02883852   5.61451   0.8292829   0.8315789 
210   0.0251076   4.866762   0.869987   0.8710526 
210   0.01543334   5.740677   0.9029903   0.9105263 
210   0.009876491   6.831147   0.939894   0.95 
215   0.7751875   67.18853   0.2459246   0.2 
215   0.4597639   62.1731   0.2561256   0.2394737 
215   0.5896211   62.4005   0.2943294   0.2789474 
215   0.1490081   20.49154   0.3237324   0.3184211 
215   0.1441786   20.0443   0.3636364   0.3578947 
215   0.1019724   21.07205   0.39994   0.3973684 
215   0.1007777   16.03628   0.4405441   0.4368421 
215   0.1003971   17.38864   0.480348   0.4763158 
215   0.07809958   15.25243   0.5127513   0.5157895 
215   0.08631256   11.80413   0.559556   0.5552632 
215   0.07170781   10.81907   0.5961596   0.5947368 
215   0.06771163   10.34987   0.6371637   0.6342105 
215   0.06033255   9.597861   0.6730673   0.6736842 
215   0.05041107   7.87029   0.7123712   0.7131579 
215   0.0457372   6.690452   0.7560756   0.7526316 
215   0.03644923   6.173533   0.7910791   0.7921053 
215   0.02977597   6.090232   0.8266827   0.8315789 
215   0.02376127   4.95753   0.870187   0.8710526 
215   0.0164098   4.704374   0.9046905   0.9105263 
215   0.00902897   5.361386   0.9405941   0.95 
220   0.3714142   63.43607   0.2461246   0.2 
220   0.7288513   66.00137   0.2579258   0.2394737 
220   0.1863618   51.02563   0.2761276   0.2789474 
220   0.1563574   24.14552   0.3248325   0.3184211 
220   0.1187595   20.73859   0.360436   0.3578947 
220   0.09946071   20.16258   0.3974397   0.3973684 
220   0.09653543   15.29065   0.439644   0.4368421 
220   0.09959039   15.53842   0.4790479   0.4763158 
220   0.09009593   14.00871   0.5183518   0.5157895 
220   0.08086279   10.85984   0.5593559   0.5552632 
220   0.07772274   11.19038   0.59976   0.5947368 
220   0.06553122   10.53836   0.6341634   0.6342105 
220   0.06103685   10.3575   0.6739674   0.6736842 
220   0.04834195   7.414354   0.7134713   0.7131579 
220   0.03986898   6.822031   0.7483748   0.7526316 
220   0.03769651   6.098493   0.789579   0.7921053 
220   0.03008092   5.551786   0.8320832   0.8315789 
220   0.01991285   4.791573   0.8632863   0.8710526 
220   0.01547756   4.92487   0.9009901   0.9105263 
220   0.009320394   6.053051   0.9390939   0.95 
225   0.75   73.29163   0.2606261   0.2 
225   0.7186792   67.90253   0.2580258   0.2394737 
225   0.1876409   37.31351   0.2823282   0.2789474 
225   0.1386756   23.03083   0.3261326   0.3184211 
225   0.1534481   23.31606   0.3674367   0.3578947 
225   0.1070147   21.2144   0.3977398   0.3973684 
225   0.1146416   16.44978   0.439844   0.4368421 
225   0.1164859   14.33033   0.4827483   0.4763158 
225   0.0936552   13.66912   0.5184518   0.5157895 
225   0.08441369   12.4871   0.5583558   0.5552632 
225   0.07007335   10.58935   0.5979598   0.5947368 
225   0.06642351   9.478048   0.6380638   0.6342105 
225   0.05399584   9.116284   0.6731673   0.6736842 
225   0.05481889   8.552214   0.7136714   0.7131579 
225   0.03853059   6.476073   0.7487749   0.7526316 
225   0.03968198   6.494631   0.7949795   0.7921053 
225   0.02860047   5.42101   0.8337834   0.8315789 
225   0.02437911   5.316469   0.8692869   0.8710526 
225   0.01494481   5.405009   0.9046905   0.9105263 
225   0.009945496   5.783528   0.9405941   0.95 
230   0.3547931   64.85063   0.2540254   0.2 
230   0.2768464   55.8242   0.249525   0.2394737 
230   0.2167828   28.50206   0.2889289   0.2789474 
230   0.1889319   40.9388   0.3248325   0.3184211 
230   0.1406987   19.10945   0.3635364   0.3578947 
230   0.09785529   18.64981   0.3970397   0.3973684 
230   0.1026968   15.99591   0.439844   0.4368421 
230   0.09615212   14.62339   0.4793479   0.4763158 
230   0.07374458   13.52938   0.5157516   0.5157895 
230   0.07964567   12.28081   0.5559556   0.5552632 
230   0.06200623   10.43235   0.5918592   0.5947368 
230   0.0719865   10.62296   0.6379638   0.6342105 
230   0.06571898   9.365523   0.6814681   0.6736842 
230   0.04595698   7.369046   0.7116712   0.7131579 
230   0.03696539   6.548664   0.7494749   0.7526316 
230   0.03636484   6.292224   0.7913791   0.7921053 
230   0.02674818   5.350703   0.8293829   0.8315789 
230   0.02125075   5.330846   0.8640864   0.8710526 
230   0.01640867   4.611079   0.9030903   0.9105263 
230   0.009609177   6.085135   0.9418942   0.95 
235   0.6986635   61.86967   0.2591259   0.2 
235   0.7211552   66.72167   0.2666267   0.2394737 
235   0.4064242   50.2329   0.2907291   0.2789474 
235   0.1430241   19.94792   0.3292329   0.3184211 
235   0.1435333   19.92861   0.3650365   0.3578947 
235   0.1047627   16.33376   0.3977398   0.3973684 
235   0.09638746   15.65947   0.4388439   0.4368421 
235   0.094577   16.4117   0.4790479   0.4763158 
235   0.08163512   12.98109   0.520052   0.5157895 
235   0.06584542   9.502109   0.5568557   0.5552632 
235   0.07293464   9.772702   0.5990599   0.5947368 
235   0.07100386   10.62577   0.6378638   0.6342105 
235   0.0554103   9.366965   0.6716672   0.6736842 
235   0.04842572   7.689297   0.7129713   0.7131579 
235   0.04676083   7.221735   0.7531753   0.7526316 
235   0.03661586   6.178467   0.7954795   0.7921053 
235   0.02764629   5.661952   0.8307831   0.8315789 
235   0.02283313   5.104253   0.8667867   0.8710526 
235   0.01557376   5.234884   0.9070907   0.9105263 
235   0.008978015   6.38174   0.940394   0.95 
240   0.6340927   47.92347   0.2384238   0.2 
240   0.7118744   61.00632   0.2583258   0.2394737 
240   0.1643788   30.10841   0.2852285   0.2789474 
240   0.1556693   21.17416   0.3286329   0.3184211 
240   0.1336548   17.32632   0.3659366   0.3578947 
240   0.1180615   17.41894   0.4029403   0.3973684 
240   0.09913911   15.29901   0.440344   0.4368421 
240   0.09367019   14.63656   0.4793479   0.4763158 
240   0.08479208   12.76204   0.5187519   0.5157895 
240   0.07501225   11.62876   0.5565557   0.5552632 
240   0.08757932   12.22747   0.6013601   0.5947368 
240   0.06348789   9.637877   0.6351635   0.6342105 
240   0.06237841   7.852106   0.6812681   0.6736842 
240   0.04974299   8.216578   0.7138714   0.7131579 
240   0.03954462   6.582811   0.7490749   0.7526316 
240   0.03793493   6.197037   0.7936794   0.7921053 
240   0.02815733   5.1137   0.829583   0.8315789 
240   0.0193561   5.137219   0.8689869   0.8710526 
240   0.01450273   4.984741   0.9022902   0.9105263 
240   0.00977872   5.490278   0.9456946   0.95 
245   0.3490135   61.69327   0.2609261   0.2 
245   0.3764585   46.23625   0.2551255   0.2394737 
245   0.1618204   31.9272   0.2849285   0.2789474 
245   0.1773292   23.29203   0.3326333   0.3184211 
245   0.1180122   20.23127   0.3608361   0.3578947 
245   0.1253554   18.47243   0.4022402   0.3973684 
245   0.1098572   15.86376   0.4421442   0.4368421 
245   0.08299543   11.35759   0.4793479   0.4763158 
245   0.07253814   14.73631   0.5133513   0.5157895 
245   0.08422479   10.81296   0.5607561   0.5552632 
245   0.06576427   11.29837   0.5922592   0.5947368 
245   0.06844221   9.410095   0.639564   0.6342105 
245   0.05597943   8.205293   0.6745675   0.6736842 
245   0.05067575   7.534371   0.7152715   0.7131579 
245   0.04178468   6.79734   0.7523752   0.7526316 
245   0.03418731   5.785   0.7908791   0.7921053 
245   0.02856628   5.569506   0.8284828   0.8315789 
245   0.02025636   5.371374   0.8675868   0.8710526 
245   0.01531663   5.271906   0.9028903   0.9105263 
245   0.009329251   5.535686   0.9460946   0.95 
250   0.7126527   67.98226   0.2610261   0.2 
250   0.7073553   53.52124   0.2560256   0.2394737 
250   0.1684493   29.65383   0.2843284   0.2789474 
250   0.1330858   20.12414   0.3265327   0.3184211 
250   0.1080319   16.28613   0.3623362   0.3578947 
250   0.107733   17.03342   0.4027403   0.3973684 
250   0.1007165   15.98185   0.4431443   0.4368421 
250   0.09483403   13.98198   0.480148   0.4763158 
250   0.0813115   11.73175   0.5194519   0.5157895 
250   0.08023452   11.11168   0.5619562   0.5552632 
250   0.07080259   10.68085   0.5975598   0.5947368 
250   0.06277499   9.246655   0.6359636   0.6342105 
250   0.05516396   8.590537   0.6736674   0.6736842 
250   0.04443264   8.233017   0.7080708   0.7131579 
250   0.03842561   6.716457   0.7494749   0.7526316 
250   0.03352259   6.028784   0.7920792   0.7921053 
250   0.02622561   4.871892   0.8293829   0.8315789 
250   0.02176313   5.050537   0.8686869   0.8710526 
250   0.01439991   4.858821   0.9050905   0.9105263 
250   0.009652583   5.63286   0.9385939   0.95 
255   0.3730483   58.56257   0.2444244   0.2 
255   0.6212314   56.77618   0.2522252   0.2394737 
255   0.1473783   42.65152   0.2765277   0.2789474 
255   0.1617449   19.81566   0.330233   0.3184211 
255   0.1157343   18.66426   0.3658366   0.3578947 
255   0.1112274   15.24311   0.4043404   0.3973684 
255   0.1103923   14.8984   0.4429443   0.4368421 
255   0.09116328   14.74965   0.4818482   0.4763158 
255   0.08673958   12.50206   0.519652   0.5157895 
255   0.07819251   12.35535   0.5564556   0.5552632 
255   0.0722977   10.29628   0.5985599   0.5947368 
255   0.06087335   9.146658   0.6365637   0.6342105 
255   0.0508045   7.379602   0.6726673   0.6736842 
255   0.04139255   6.829297   0.709871   0.7131579 
255   0.04166117   6.671538   0.7519752   0.7526316 
255   0.02966665   6.090028   0.7841784   0.7921053 
255   0.02590397   5.345535   0.8269827   0.8315789 
255   0.01975302   4.867509   0.870287   0.8710526 
255   0.01584753   4.893129   0.9039904   0.9105263 
255   0.008887083   5.990264   0.9377938   0.95 
260   0.3388956   62.70013   0.2588259   0.2 
260   0.3504055   62.21775   0.259526   0.2394737 
260   0.1592536   23.32993   0.2868287   0.2789474 
260   0.165378   19.11329   0.3281328   0.3184211 
260   0.1212051   19.61831   0.3618362   0.3578947 
260   0.09399124   14.61257   0.4019402   0.3973684 
260   0.1010453   14.44548   0.440344   0.4368421 
260   0.09021815   13.30139   0.480448   0.4763158 
260   0.08109326   12.37013   0.5170517   0.5157895 
260   0.07241837   9.995269   0.5572557   0.5552632 
260   0.07062657   10.80906   0.5977598   0.5947368 
260   0.0607585   9.64326   0.6359636   0.6342105 
260   0.05552597   8.801821   0.6731673   0.6736842 
260   0.04270083   6.881507   0.709571   0.7131579 
260   0.04014432   6.113064   0.7533753   0.7526316 
260   0.03200466   6.104591   0.7885789   0.7921053 
260   0.02759134   5.108442   0.8313831   0.8315789 
260   0.02047637   4.976649   0.8659866   0.8710526 
260   0.01539598   4.943226   0.9007901   0.9105263 
260   0.008667492   7.428522   0.940294   0.95 
265   0.7040326   61.59899   0.2460246   0.2 
265   0.234501   48.47289   0.2460246   0.2394737 
265   0.1468636   25.60072   0.2832283   0.2789474 
265   0.106983   24.13607   0.3214321   0.3184211 
265   0.1315932   16.66788   0.3631363   0.3578947 
265   0.1050117   14.63663   0.4023402   0.3973684 
265   0.1057709   15.71025   0.440044   0.4368421 
265   0.09158127   13.28099   0.4778478   0.4763158 
265   0.07672868   10.84374   0.519752   0.5157895 
265   0.0674134   11.10749   0.5555556   0.5552632 
265   0.06902245   9.971541   0.5980598   0.5947368 
265   0.05894712   8.945988   0.6339634   0.6342105 
265   0.05857231   8.786605   0.6758676   0.6736842 
265   0.04433659   7.371757   0.709971   0.7131579 
265   0.03971513   6.382898   0.7522752   0.7526316 
265   0.03608424   6.455889   0.7912791   0.7921053 
265   0.02637786   5.274773   0.8278828   0.8315789 
265   0.02144554   5.116757   0.8678868   0.8710526 
265   0.0137983   5.976539   0.9034903   0.9105263 
265   0.009968539   5.378745   0.9418942   0.95 
270   0.3021917   49.72464   0.2381238   0.2 
270   0.5834557   57.01222   0.2546255   0.2394737 
270   0.1537086   22.92895   0.2883288   0.2789474 
270   0.1214578   19.22745   0.3205321   0.3184211 
270   0.124371   16.57065   0.3672367   0.3578947 
270   0.1004786   16.03085   0.4024402   0.3973684 
270   0.09782831   15.80185   0.4394439   0.4368421 
270   0.07753292   12.38432   0.4773477   0.4763158 
270   0.07682856   11.53232   0.5175518   0.5157895 
270   0.07015394   11.09894   0.5544554   0.5552632 
270   0.07479085   11.57152   0.5965597   0.5947368 
270   0.0623755   7.988724   0.6407641   0.6342105 
270   0.05314405   7.788358   0.6774677   0.6736842 
270   0.04911725   7.713737   0.7137714   0.7131579 
270   0.03684003   6.517719   0.7482748   0.7526316 
270   0.03322016   5.510171   0.7913791   0.7921053 
270   0.02798486   5.470381   0.829583   0.8315789 
270   0.01992275   5.03432   0.8637864   0.8710526 
270   0.01386782   4.811444   0.9024902   0.9105263 
270   0.008955626   6.996836   0.9411941   0.95 
275   0.35901   55.5254   0.2309231   0.2 
275   0.1819808   25.59929   0.2474247   0.2394737 
275   0.1742258   25.7718   0.2828283   0.2789474 
275   0.1069059   19.87684   0.3225323   0.3184211 
275   0.1093173   15.17653   0.3634363   0.3578947 
275   0.1088485   13.18812   0.4042404   0.3973684 
275   0.09878349   14.60947   0.440344   0.4368421 
275   0.07678294   12.27579   0.4774477   0.4763158 
275   0.0774042   11.40495   0.5180518   0.5157895 
275   0.07108779   11.18888   0.5573557   0.5552632 
275   0.06333584   9.673101   0.5968597   0.5947368 
275   0.05550174   8.480853   0.6331633   0.6342105 
275   0.04879813   8.845279   0.670267   0.6736842 
275   0.04649143   7.234176   0.7131713   0.7131579 
275   0.03973358   6.800372   0.7533753   0.7526316 
275   0.03330075   6.352384   0.7884788   0.7921053 
275   0.02469775   5.34037   0.8290829   0.8315789 
275   0.01968071   4.850734   0.8644864   0.8710526 
275   0.0133511   5.435107   0.9022902   0.9105263 
275   0.009165129   6.764372   0.940494   0.95 
280   0.6403923   57.8157   0.2637264   0.2 
280   0.3252168   55.54441   0.2665267   0.2394737 
280   0.1353144   28.30364   0.279728   0.2789474 
280   0.1335005   21.67044   0.3218322   0.3184211 
280   0.1133152   16.65924   0.3645365   0.3578947 
280   0.1191869   15.96983   0.4017402   0.3973684 
280   0.1016895   14.89488   0.4417442   0.4368421 
280   0.08985821   11.66559   0.479548   0.4763158 
280   0.07895215   12.26006   0.520152   0.5157895 
280   0.07135593   10.77258   0.5576558   0.5552632 
280   0.0715027   10.08284   0.5977598   0.5947368 
280   0.05732434   9.914452   0.6322632   0.6342105 
280   0.04931651   7.687616   0.6728673   0.6736842 
280   0.04414423   6.661006   0.7115712   0.7131579 
280   0.03781369   6.600201   0.7510751   0.7526316 
280   0.03125212   5.475413   0.7890789   0.7921053 
280   0.02431628   5.524281   0.8258826   0.8315789 
280   0.01935169   5.363252   0.8678868   0.8710526 
280   0.01393935   4.478651   0.9015902   0.9105263 
280   0.009294424   5.183815   0.940494   0.95 
285   0.6406342   48.47824   0.2444244   0.2 
285   0.1861363   27.91191   0.2508251   0.2394737 
285   0.1752772   18.40647   0.2889289   0.2789474 
285   0.1795793   20.44051   0.3280328   0.3184211 
285   0.117119   15.64606   0.3646365   0.3578947 
285   0.09769393   14.20448   0.4020402   0.3973684 
285   0.09904797   13.81943   0.4407441   0.4368421 
285   0.08311955   13.65982   0.4761476   0.4763158 
285   0.0743992   12.95504   0.5162516   0.5157895 
285   0.07730467   10.76593   0.5592559   0.5552632 
285   0.07323756   11.21005   0.5976598   0.5947368 
285   0.05338753   7.658609   0.6361636   0.6342105 
285   0.04872841   6.861976   0.6740674   0.6736842 
285   0.04045967   6.801446   0.7107711   0.7131579 
285   0.04082819   6.684639   0.7516752   0.7526316 
285   0.02926635   5.713555   0.7882788   0.7921053 
285   0.02510564   5.351336   0.8260826   0.8315789 
285   0.01970983   4.932364   0.8662866   0.8710526 
285   0.01519578   5.243158   0.9040904   0.9105263 
285   0.008707091   6.028284   0.939794   0.95 
290   0.6599167   57.19238   0.2314231   0.2 
290   0.2040675   44.08729   0.2482248   0.2394737 
290   0.1435679   25.08519   0.2857286   0.2789474 
290   0.1676226   19.35952   0.3279328   0.3184211 
290   0.1076346   17.4294   0.3606361   0.3578947 
290   0.1127488   13.60269   0.4031403   0.3973684 
290   0.09099763   12.57179   0.440144   0.4368421 
290   0.09556666   12.96904   0.4789479   0.4763158 
290   0.07091921   12.59502   0.5165517   0.5157895 
290   0.06751758   11.40618   0.5565557   0.5552632 
290   0.05771417   9.363071   0.5936594   0.5947368 
290   0.06011048   8.26503   0.6388639   0.6342105 
290   0.04919305   8.446878   0.6731673   0.6736842 
290   0.0437769   6.8881   0.7122712   0.7131579 
290   0.03520292   6.134354   0.7511751   0.7526316 
290   0.03236203   5.757334   0.7913791   0.7921053 
290   0.02371032   5.181577   0.8256826   0.8315789 
290   0.01972544   4.975701   0.8684868   0.8710526 
290   0.01431117   4.66059   0.9055906   0.9105263 
290   0.008932333   6.297613   0.9375938   0.95 
295   0.6158123   58.81051   0.270427   0.2 
295   0.1361007   30.06107   0.2442244   0.2394737 
295   0.1489437   16.14348   0.289829   0.2789474 
295   0.09705984   15.74584   0.3274327   0.3184211 
295   0.1030224   15.20316   0.3611361   0.3578947 
295   0.0999855   11.7279   0.4037404   0.3973684 
295   0.08089902   14.13367   0.4383438   0.4368421 
295   0.08625683   11.99412   0.479748   0.4763158 
295   0.08007142   10.98425   0.520052   0.5157895 
295   0.07823907   10.54528   0.5623562   0.5552632 
295   0.0621539   9.334792   0.5953595   0.5947368 
295   0.05376576   9.325578   0.6315632   0.6342105 
295   0.04745832   7.739201   0.6732673   0.6736842 
295   0.04467385   6.775519   0.7141714   0.7131579 
295   0.0427907   6.732866   0.7542754   0.7526316 
295   0.03483353   6.108314   0.7927793   0.7921053 
295   0.02593564   5.186883   0.8315832   0.8315789 
295   0.02018168   5.10823   0.8680868   0.8710526 
295   0.01589888   5.27847   0.9085909   0.9105263 
295   0.009162109   5.931031   0.940094   0.95 
300   0.6524187   59.39787   0.2679268   0.2 
300   0.650263   49.37089   0.2622262   0.2394737 
300   0.1024459   28.74209   0.279928   0.2789474 
300   0.09144099   16.37997   0.3215322   0.3184211 
300   0.09802606   15.64424   0.3620362   0.3578947 
300   0.1234327   16.0667   0.4050405   0.3973684 
300   0.08869284   13.36781   0.4384438   0.4368421 
300   0.1003892   13.0177   0.4828483   0.4763158 
300   0.08240193   11.17593   0.519952   0.5157895 
300   0.06268409   9.474875   0.5551555   0.5552632 
300   0.05669395   9.691285   0.5927593   0.5947368 
300   0.05768655   8.941542   0.6354635   0.6342105 
300   0.04064601   6.58555   0.6717672   0.6736842 
300   0.04153103   6.936552   0.7088709   0.7131579 
300   0.03612499   5.961047   0.7511751   0.7526316 
300   0.03167752   5.703579   0.7916792   0.7921053 
300   0.0260757   5.595452   0.8307831   0.8315789 
300   0.01875507   5.772258   0.8643864   0.8710526 
300   0.01421501   5.275999   0.9037904   0.9105263 
300   0.00833611   6.072861   0.9419942   0.95 
305   0.6222614   56.67217   0.2643264   0.2 
305   0.3119716   43.34222   0.2542254   0.2394737 
305   0.1453988   16.4496   0.2866287   0.2789474 
305   0.1629373   17.81021   0.3293329   0.3184211 
305   0.1032894   13.32701   0.360436   0.3578947 
305   0.1084321   14.97279   0.4037404   0.3973684 
305   0.1002071   12.52452   0.4416442   0.4368421 
305   0.08698335   13.38877   0.479848   0.4763158 
305   0.07992902   11.23988   0.519752   0.5157895 
305   0.06740122   9.139768   0.5566557   0.5552632 
305   0.05930026   8.996839   0.5943594   0.5947368 
305   0.05603724   8.80619   0.6344634   0.6342105 
305   0.04504757   7.58332   0.6707671   0.6736842 
305   0.04043977   6.625998   0.709671   0.7131579 
305   0.03967328   6.092794   0.7546755   0.7526316 
305   0.02991969   5.215476   0.7908791   0.7921053 
305   0.02373599   5.246111   0.8260826   0.8315789 
305   0.01948528   5.056708   0.8691869   0.8710526 
305   0.01508732   5.658875   0.9071907   0.9105263 
305   0.009086573   5.55562   0.939794   0.95 
310   0.2027709   46.84382   0.2253225   0.2 
310   0.3207776   42.077   0.2552255   0.2394737 
310   0.1413372   20.46311   0.2879288   0.2789474 
310   0.1211563   17.57561   0.3223322   0.3184211 
310   0.1129325   13.1267   0.3645365   0.3578947 
310   0.1188678   15.17041   0.4037404   0.3973684 
310   0.09842476   12.34354   0.4464446   0.4368421 
310   0.08322392   12.67256   0.4775478   0.4763158 
310   0.09212098   10.83324   0.5252525   0.5157895 
310   0.06375494   10.57751   0.5532553   0.5552632 
310   0.06030546   9.398394   0.5959596   0.5947368 
310   0.04968543   7.700752   0.6343634   0.6342105 
310   0.05128843   8.190361   0.6745675   0.6736842 
310   0.04004662   6.629685   0.7125713   0.7131579 
310   0.0336622   6.040606   0.7484748   0.7526316 
310   0.0300544   5.807596   0.789579   0.7921053 
310   0.02385814   5.061837   0.830383   0.8315789 
310   0.01871674   5.241694   0.8638864   0.8710526 
310   0.01349515   5.339682   0.9032903   0.9105263 
310   0.00850228   6.972237   0.940094   0.95 
315   0.6134191   52.48818   0.2587259   0.2 
315   0.3368097   40.28455   0.2625263   0.2394737 
