4   fullyIll   1790.452   1777.234   4.741 
4   diag   1799.067   1768.701   3.12 
4   spherical   1839.211   1786.913   2.616 
4   fullyIll   1785.874   1692.909   4.366 
4   diag   1755.009   1699.026   3.137 
4   spherical   1862.973   1768.631   2.608 
4   fullyIll   1841.888   1769.926   4.362 
4   diag   1846.107   1740.844   3.187 
4   spherical   1826.101   1785.102   2.574 
4   fullyIll   1817.378   1413.604   4.365 
4   diag   1732.183   1702.006   3.172 
4   spherical   1792.271   1651.38   2.574 
4   fullyIll   1745.588   1670.939   4.374 
4   diag   1832.229   1759.917   3.163 
4   spherical   1740.431   1581.448   2.575 
4   fullyIll   1762.629   1707.344   4.379 
4   diag   1853.331   1829.974   3.148 
4   spherical   1750.971   1649.801   2.577 
4   fullyIll   1835.723   1766.274   4.397 
4   diag   1935.911   1801.42   3.147 
4   spherical   1764.83   1736.382   2.571 
4   fullyIll   1811.778   1767.417   4.438 
4   diag   1830.157   1692.501   3.127 
4   spherical   1763.946   1736.361   2.607 
4   fullyIll   1821.041   1780.361   4.408 
4   diag   1746.32   1662.337   3.099 
4   spherical   1678.595   1594.537   2.601 
4   fullyIll   1796.408   1753.82   4.4 
4   diag   1871.295   1785.982   3.072 
4   spherical   1790.602   1775.807   2.597 
8   fullyIll   1406.211   1353.725   4.818 
8   diag   1323.076   1184.338   3.173 
8   spherical   1411.844   1298.581   2.711 
8   fullyIll   1353.402   1242.951   4.732 
8   diag   1417.057   1107.089   3.285 
8   spherical   1373.06   1248.873   2.758 
8   fullyIll   1373.884   1324.77   4.717 
8   diag   1349.701   1237.357   3.306 
8   spherical   1338.456   1148.477   2.75 
8   fullyIll   1411.332   1329.545   4.714 
8   diag   1370.364   1316.019   3.362 
8   spherical   1304.554   1245.804   2.717 
8   fullyIll   1386.181   1237.685   4.709 
8   diag   1347.34   1265.177   3.365 
8   spherical   1407.754   1289.818   2.719 
8   fullyIll   1285.81   1068.23   4.72 
8   diag   1375.854   1276.731   3.342 
8   spherical   1334.733   1218.949   2.712 
8   fullyIll   1333.655   1159.388   4.757 
8   diag   1358.845   1212.28   3.337 
8   spherical   1338.688   1216.248   2.738 
8   fullyIll   1414.898   1290.706   4.771 
8   diag   1376.543   1306.994   3.317 
8   spherical   1343.768   1299.883   2.737 
8   fullyIll   1337.198   1290.984   4.778 
8   diag   1350.531   1259.859   3.264 
8   spherical   1369.405   1268.539   2.745 
8   fullyIll   1402.504   1279.795   4.799 
8   diag   1408.87   1205.518   3.211 
8   spherical   1341.021   1294.457   2.742 
16   fullyIll   951.6125   874.8114   5.808 
16   diag   976.9184   880.6103   3.866 
16   spherical   945.3116   854.3494   3.273 
16   fullyIll   956.1692   824.7215   5.883 
16   diag   996.4313   907.084   3.893 
16   spherical   932.4508   870.9151   3.286 
16   fullyIll   920.7535   854.9415   5.864 
16   diag   975.0197   853.9728   3.948 
16   spherical   927.8596   852.3165   3.261 
16   fullyIll   964.1157   867.8733   5.862 
16   diag   989.8997   927.0443   3.921 
16   spherical   911.5797   774.6674   3.277 
16   fullyIll   971.2888   933.3058   5.875 
16   diag   989.5205   894.5715   3.916 
16   spherical   971.9983   851.8569   3.291 
16   fullyIll   982.6936   912.7464   5.89 
16   diag   996.4713   901.348   3.905 
16   spherical   919.192   817.9554   3.324 
16   fullyIll   991.7005   909.1466   5.908 
16   diag   964.8232   876.0002   3.857 
16   spherical   984.8422   882.7926   3.286 
16   fullyIll   938.8823   883.9598   5.933 
16   diag   948.7039   885.1751   3.832 
16   spherical   930.1425   859.735   3.291 
16   fullyIll   919.2742   801.1979   5.933 
16   diag   932.451   781.6194   3.83 
16   spherical   943.1133   849.9057   3.307 
16   fullyIll   955.0676   864.7732   5.892 
16   diag   948.6504   720.8076   3.933 
16   spherical   964.2466   845.4636   3.28 
32   fullyIll   495.4336   388.1618   8.796 
32   diag   552.6957   487.0212   5.837 
32   spherical   503.8187   342.6276   5.016 
32   fullyIll   455.9778   364.2267   8.867 
32   diag   547.329   367.9622   5.762 
32   spherical   460.4506   323.3726   5.002 
32   fullyIll   569.0941   483.0713   8.858 
32   diag   539.5376   419.4986   5.749 
32   spherical   446.4551   259.9846   5.036 
32   fullyIll   526.4646   369.0909   8.857 
32   diag   544.2065   454.99   5.743 
32   spherical   486.9163   390.2117   4.996 
32   fullyIll   544.6709   429.3505   8.831 
32   diag   529.5198   345.1732   5.767 
32   spherical   432.7838   324.5988   5.009 
32   fullyIll   537.6767   447.3553   8.892 
32   diag   515.7566   417.3941   5.854 
32   spherical   471.0062   380.9243   5.021 
32   fullyIll   558.5505   416.0947   8.914 
32   diag   518.4931   375.3771   5.769 
32   spherical   526.7175   409.9997   5.036 
32   fullyIll   524.2715   355.0765   8.858 
32   diag   533.0666   437.544   5.838 
32   spherical   453.9027   360.6725   5.012 
32   fullyIll   577.1599   500.0141   8.876 
32   diag   598.0751   455.4216   5.746 
32   spherical   503.0925   414.2891   5 
32   fullyIll   517.0121   377.0288   8.86 
32   diag   594.6687   432.6262   5.841 
32   spherical   515.1872   403.6265   5.027 
64   fullyIll   294.5324   155.3687   19.639 
64   diag   341.227   216.4737   12.785 
64   spherical   225.1339   147.729   11.192 
64   fullyIll   297.063   207.7125   19.838 
64   diag   318.3038   186.3345   12.817 
64   spherical   229.6735   128.5377   11.284 
64   fullyIll   280.1165   139.8656   19.876 
64   diag   309.6886   183.4432   12.844 
64   spherical   222.1583   166.3878   11.163 
64   fullyIll   283.3904   170.1033   19.729 
64   diag   307.6275   171.6107   12.765 
64   spherical   207.7817   135.8746   11.096 
64   fullyIll   278.8037   181.1016   19.646 
64   diag   317.8149   188.6293   12.751 
64   spherical   175.9559   94.68677   11.087 
64   fullyIll   288.0666   221.4918   19.624 
64   diag   310.1534   191.0338   12.687 
64   spherical   223.3361   153.7371   11.105 
64   fullyIll   243.8213   155.8212   19.644 
64   diag   295.6962   191.9507   12.678 
64   spherical   179.4901   98.38653   11.11 
64   fullyIll   306.9202   213.9624   19.617 
64   diag   308.8343   190.599   12.701 
64   spherical   232.592   162.5697   11.132 
64   fullyIll   271.88   157.2022   19.569 
64   diag   323.9002   155.3809   12.67 
64   spherical   219.6123   138.4121   11.091 
64   fullyIll   288.1551   160.9912   19.096 
64   diag   328.5463   148.4599   12.148 
64   spherical   228.8741   149.3426   10.733 
128   fullyIll   220.2533   127.9972   64.669 
128   diag   220.0852   124.0217   41.253 
128   spherical   113.3202   68.98048   33.892 
128   fullyIll   233.7829   122.0262   59.913 
128   diag   226.7514   139.3704   39.637 
128   spherical   93.02097   67.33058   33.417 
128   fullyIll   172.6436   101.4874   61.789 
128   diag   216.2438   117.1647   42.654 
128   spherical   115.491   57.97269   36.107 
128   fullyIll   200.8885   104.2238   64.402 
128   diag   236.6026   138.824   42.36 
128   spherical   95.74572   43.43417   35.79 
128   fullyIll   194.2181   93.13877   64.084 
128   diag   223.4466   88.64562   41.995 
128   spherical   75.11615   40.23075   35.544 
128   fullyIll   152.3644   65.21922   63.574 
128   diag   225.1226   121.047   41.841 
128   spherical   105.8054   46.11418   35.425 
128   fullyIll   192.2594   106.7499   62.981 
128   diag   178.5829   111.8825   41.737 
128   spherical   68.03516   34.62246   35.331 
128   fullyIll   178.2101   118.7042   62.816 
128   diag   211.7499   117.6256   41.614 
128   spherical   117.8702   52.26705   35.327 
128   fullyIll   193.1557   107.7032   62.841 
128   diag   203.2709   112.1731   41.539 
128   spherical   104.1393   58.15321   35.135 
128   fullyIll   213.6159   122.8321   62.871 
128   diag   240.707   129.3695   41.535 
128   spherical   75.41829   45.78968   35.104 
256   fullyIll   103.5726   11.60794   264.8 
256   diag   131.0503   59.54863   158.52 
256   spherical   20.09073   8.709692   134.365 
256   fullyIll   148.8499   76.08689   237.285 
256   diag   166.4761   76.7019   157.452 
256   spherical   34.89794   14.47492   133.398 
256   fullyIll   177.8795   71.62142   234.542 
256   diag   154.2711   83.28216   156.483 
256   spherical   36.86767   17.11426   132.586 
256   fullyIll   156.0322   84.9102   234.962 
256   diag   135.2885   67.07859   156.374 
256   spherical   53.63831   31.01374   132.987 
256   fullyIll   164.144   63.00914   234.392 
256   diag   136.4532   65.47824   156.503 
256   spherical   40.00868   17.79001   128.712 
256   fullyIll   137.9162   54.82871   220.978 
256   diag   152.3587   82.24681   154.44 
256   spherical   25.82502   13.60721   133.249 
256   fullyIll   132.6381   59.60686   235.468 
256   diag   136.16   59.65858   157.049 
256   spherical   28.14473   14.89859   132.186 
256   fullyIll   127.7601   55.79801   234.087 
256   diag   173.3063   82.87335   157.566 
256   spherical   26.68979   11.5085   133.518 
256   fullyIll   154.811   51.84043   235.144 
256   diag   130.6288   58.54156   157.563 
256   spherical   61.25583   30.73523   132.437 
256   fullyIll   135.9284   66.68732   234.822 
256   diag   137.9836   69.95907   157.574 
256   spherical   39.48664   15.4331   133.411 
512   fullyIll   209.4679   110.4286   1058.569 
512   diag   151.6043   71.87113   729.149 
512   spherical   9.619718   2.418102   624.481 
512   fullyIll   147.7126   81.80575   1064.247 
512   diag   188.0007   101.6213   780.594 
512   spherical   10.9543   3.964825   649.026 
512   fullyIll   177.2168   89.649   1091.009 
512   diag   227.058   128.7718   773.793 
512   spherical   10.91776   3.552088   643.21 
512   fullyIll   173.2858   83.26271   1099.751 
512   diag   204.3052   101.0709   770.018 
512   spherical   10.37275   3.565376   639.392 
512   fullyIll   190.3293   86.86677   1080.972 
512   diag   151.4331   25.65295   737.455 
512   spherical   12.3881   4.121856   633.434 
512   fullyIll   116.3451   16.79308   1088.364 
512   diag   170.1437   80.12464   763.132 
512   spherical   10.19269   4.00548   633.852 
512   fullyIll   176.4591   88.88773   1086.615 
512   diag   161.6171   25.81345   763.661 
512   spherical   10.52177   3.91278   627.146 
512   fullyIll   125.2125   19.86676   1018.313 
512   diag   218.5551   84.8429   732.771 
512   spherical   9.1731   2.45629   609.218 
512   fullyIll   195.4585   109.3364   1043.51 
512   diag   178.3388   96.02342   731.011 
512   spherical   11.14203   3.451436   607.316 
512   fullyIll   184.7448   97.20983   1041.739 
512   diag   158.3458   84.76669   730.111 
512   spherical   12.50885   4.304128   607.938 
