5   40.06845   25.70884 
10   73.58399   51.25201 
15   92.30799   65.38952 
20   113.0735   88.16529 
25   122.1032   87.59105 
30   136.0808   102.4027 
35   144.1485   111.9156 
40   147.8777   121.9979 
45   155.5556   123.8887 
50   161.9247   135.418 
55   168.9172   142.1554 
60   175.0929   143.2691 
65   177.4289   144.2883 
70   183.2035   143.9618 
75   190.627   152.5323 
80   187.4877   157.8926 
85   190.6742   154.2834 
90   196.2885   164.5066 
95   197.2088   162.9333 
100   199.1545   136.111 
5   40.05623   24.76438 
10   69.11107   48.21297 
15   96.41568   77.19892 
20   110.4596   83.16055 
25   124.3938   93.48665 
30   133.4795   109.0267 
35   143.4039   109.2939 
40   150.5461   116.2307 
45   157.4165   126.1684 
50   163.9947   141.3946 
55   169.2656   136.8781 
60   170.1656   135.3543 
65   176.6113   142.4087 
70   181.8649   146.2784 
75   184.1685   146.274 
80   188.6467   159.4713 
85   193.4002   160.4421 
90   194.0136   162.6509 
95   197.1618   164.8968 
100   201.9161   163.634 
5   40.27513   26.59641 
10   70.07214   47.78584 
15   96.21066   74.68144 
20   112.0288   87.898 
25   122.2027   96.5644 
30   134.9668   109.4872 
35   138.5464   106.8379 
40   151.9842   122.6732 
45   157.8733   125.4387 
50   162.959   132.2308 
55   171.8196   142.4399 
60   171.2574   134.7569 
65   178.041   148.2399 
70   183.4413   152.3826 
75   184.3965   157.6874 
80   197.5819   162.4526 
85   194.2961   151.9214 
90   196.6149   166.1566 
95   198.9116   155.0773 
100   203.6341   169.4944 
5   38.45368   23.74119 
10   76.15814   56.49926 
15   94.20296   68.27766 
20   111.6008   85.39339 
25   122.5147   96.25428 
30   131.9753   93.65885 
35   141.3776   110.6008 
40   150.7135   124.2333 
45   152.1621   124.3333 
50   158.1814   117.1672 
55   166.6619   124.7004 
60   172.2184   143.0376 
65   178.0924   146.6066 
70   183.0268   147.5076 
75   185.1396   153.2726 
80   188.8823   155.3847 
85   192.7076   138.6806 
90   193.1337   157.26 
95   196.1201   168.6059 
100   203.447   168.5807 
5   39.47583   24.3842 
10   76.09577   53.55668 
15   95.10307   72.52459 
20   111.7044   83.84641 
25   123.17   101.1771 
30   132.1495   104.1731 
35   140.5045   114.2059 
40   148.0512   123.175 
45   153.6803   120.3547 
50   164.4704   135.2616 
55   166.1184   132.0829 
60   171.0544   139.3071 
65   176.7394   143.1142 
70   186.8076   154.5848 
75   185.8576   148.7709 
80   194.6304   153.5207 
85   192.0189   152.4645 
90   196.9136   165.1097 
95   196.5901   164.7788 
100   200.2701   166.7473 
5   37.57151   24.64361 
10   73.06616   53.77098 
15   92.97932   71.98257 
20   110.4248   87.04529 
25   120.2295   98.24741 
30   135.3944   109.6337 
35   138.9165   101.2051 
40   148.5599   119.3018 
45   157.406   128.9321 
50   163.9514   131.1982 
55   167.8259   140.3885 
60   177.3907   146.6478 
65   175.5833   146.4613 
70   180.6142   146.843 
75   184.5694   150.4451 
80   192.5545   157.6611 
85   190.6956   156.0174 
90   197.9708   166.0199 
95   203.4892   162.7437 
100   205.431   169.0619 
5   39.42544   27.73727 
10   75.68721   56.04278 
15   92.85868   68.9277 
20   110.6975   69.01966 
25   125.1184   99.96074 
30   130.3229   102.7413 
35   142.6701   116.1367 
40   150.7486   120.1585 
45   154.1585   121.0451 
50   158.2667   127.0994 
55   171.0339   132.9922 
60   168.4649   138.4495 
65   177.6888   148.1402 
70   186.4408   155.0495 
75   187.674   142.4738 
80   191.5526   155.668 
85   194.5229   153.8593 
90   195.9305   166.6755 
95   197.3411   156.3359 
100   202.3059   171.2565 
5   36.68257   22.2438 
10   74.58549   55.63045 
15   94.64592   69.3411 
20   111.739   88.19955 
25   124.169   95.43463 
30   131.24   109.2157 
35   142.4235   98.67961 
40   150.6634   128.66 
45   159.7213   124.0645 
50   161.2341   133.6374 
55   169.1045   139.7284 
60   173.1489   134.6062 
65   175.5179   137.7497 
70   183.1219   149.1184 
75   185.0596   149.5036 
80   189.5252   161.24 
85   193.8324   161.371 
90   193.8151   134.8568 
95   198.6354   138.1272 
100   202.2796   170.4375 
5   37.39467   25.40425 
10   72.9857   56.74025 
15   94.84193   79.33588 
20   106.4983   82.95358 
25   124.7159   95.52676 
30   132.6616   107.6458 
35   141.1114   99.69439 
40   150.692   117.0931 
45   152.1686   114.3884 
50   164.0423   129.3339 
55   163.1452   126.3087 
60   170.9541   139.3838 
65   178.275   148.4531 
70   180.9621   152.9 
75   184.1885   148.9101 
80   190.0864   136.5052 
85   195.4302   164.3089 
90   194.7308   163.2955 
95   196.6114   161.8117 
100   203.167   166.3322 
5   37.99209   25.95579 
10   73.985   57.17585 
15   92.47453   75.40344 
20   111.9305   79.52179 
25   120.9515   93.8381 
30   130.8627   106.2309 
35   140.9632   112.3411 
40   153.6988   121.497 
45   155.7218   118.6767 
50   159.9988   122.4132 
55   165.2535   132.4074 
60   173.407   145.0267 
65   178.4093   128.822 
70   183.0667   134.1436 
75   186.4253   156.9163 
80   195.7466   165.1551 
85   195.6722   158.1781 
90   197.059   158.4456 
95   199.8096   161.5129 
100   198.9328   164.1274 
5   39.30337   27.67537 
10   74.60663   53.90869 
15   98.27523   75.83192 
20   110.7273   80.40349 
25   125.0835   103.9521 
30   132.2699   103.0606 
35   143.7805   116.8992 
40   152.1526   119.9129 
45   154.197   122.4806 
50   161.899   121.2351 
55   167.2091   143.1809 
60   175.0338   141.5416 
65   181.1441   133.0009 
70   184.0908   152.6862 
75   186.4039   156.2877 
80   190.5342   163.2095 
85   192.3347   153.176 
90   197.0354   161.8579 
95   200.6898   170.655 
100   202.8938   161.8276 
5   38.69358   25.09177 
10   71.98692   53.59152 
15   96.04305   76.14827 
20   110.5129   84.71214 
25   122.0509   91.05084 
30   136.7344   104.5708 
35   143.923   118.4463 
40   150.2223   120.4603 
45   152.042   117.8556 
50   159.9003   132.7266 
55   167.7327   133.9439 
60   173.2036   133.3543 
65   176.0003   134.431 
70   183.8064   154.7877 
75   187.035   147.8903 
80   185.763   149.0186 
85   194.1484   157.1806 
90   195.7589   154.2585 
95   200.1716   159.3572 
100   203.4351   170.7247 
5   36.73647   22.32381 
10   71.30911   48.68062 
15   95.24599   75.30806 
20   110.0444   87.38949 
25   120.9608   83.70054 
30   133.668   95.69268 
35   142.1839   111.2644 
40   147.2095   115.4193 
45   154.4944   120.86 
50   164.7897   131.2743 
55   166.8941   128.2201 
60   167.7813   113.9724 
65   178.1702   146.9046 
70   180.5519   148.1294 
75   187.4088   141.5678 
80   183.5845   152.5228 
85   196.5618   161.4821 
90   197.6945   172.0475 
95   199.6262   157.268 
100   203.5643   172.7904 
5   38.18625   22.43455 
10   71.61963   55.46618 
15   92.52838   69.20756 
20   108.357   84.75422 
25   123.4357   97.49949 
30   133.8703   97.40221 
35   139.8564   105.4799 
40   149.9158   111.0499 
45   155.0723   122.4124 
50   163.9308   128.2464 
55   171.0079   137.8803 
60   173.2681   140.1011 
65   178.3976   138.6885 
70   183.3615   146.1348 
75   183.4842   157.648 
80   186.0825   148.4202 
85   194.946   157.426 
90   196.674   153.9197 
95   197.1969   141.205 
100   202.4459   144.6018 
5   38.81648   25.30466 
10   71.49269   54.80514 
15   94.16519   75.38022 
20   107.5607   86.20748 
25   121.5511   99.69265 
30   134.6775   106.4867 
35   140.637   102.8325 
40   152.544   117.8295 
45   155.9128   115.8198 
50   162.0062   114.5528 
55   170.2886   132.2838 
60   176.4571   144.8732 
65   177.1056   151.5539 
70   179.4429   141.6018 
75   189.9515   158.4778 
80   187.9337   157.0675 
85   189.057   153.6213 
90   199.3679   162.4065 
95   200.6   159.8594 
100   199.7549   161.6546 
5   39.23579   24.79835 
10   71.20692   51.46839 
15   95.85445   71.1989 
20   111.4467   84.15182 
25   124.2732   95.86357 
30   136.9024   113.3154 
35   137.0078   109.6476 
40   151.0328   114.6745 
45   159.1256   129.4973 
50   162.487   126.6599 
55   163.7836   125.913 
60   172.1147   141.8181 
65   178.2371   149.8833 
70   182.3278   148.2758 
75   186.5307   152.7963 
80   189.502   156.1803 
85   193.6003   153.0748 
90   192.9954   157.7275 
95   198.6287   161.4652 
100   203.2327   165.6177 
5   39.48006   23.13275 
10   76.5142   57.78785 
15   96.63512   74.43511 
20   107.0427   71.80394 
25   120.6945   91.34957 
30   132.4167   105.7705 
35   140.1571   103.3419 
40   150.4411   121.8932 
45   156.0792   119.3433 
50   160.9246   135.2476 
55   167.7886   138.0064 
60   178.3667   143.4912 
65   175.155   138.9882 
70   180.9235   134.8802 
75   185.2218   140.3568 
80   188.8107   146.9687 
85   193.9926   146.8845 
90   195.527   156.1067 
95   197.1448   158.2292 
100   204.9642   174.8434 
5   39.21452   24.06286 
10   71.76189   56.46842 
15   93.15831   72.50828 
20   109.4284   82.23147 
25   122.2736   87.29623 
30   132.3845   103.1141 
35   139.9596   109.3012 
40   149.4546   121.1902 
45   156.4483   123.6823 
50   162.1958   133.7209 
55   167.3024   137.442 
60   171.8214   142.375 
65   175.729   140.2325 
70   178.6043   147.4143 
75   186.3144   146.7435 
80   187.0536   144.0349 
85   192.4272   153.8128 
90   193.4315   157.6642 
95   195.2435   169.4881 
100   201.1349   145.1102 
5   37.38708   24.99404 
10   73.4369   56.14228 
15   95.67265   78.03045 
20   109.8049   79.91437 
25   125.4001   94.84169 
30   135.2266   112.89 
35   144.0505   111.0443 
40   144.7347   120.5442 
45   158.2683   124.2237 
50   162.3736   129.9557 
55   166.9629   135.5616 
60   177.5289   141.653 
65   176.0891   147.1643 
70   179.441   141.2521 
75   186.7599   157.9324 
80   187.8255   151.9979 
85   190.9496   145.8167 
90   195.9721   149.5504 
95   197.8611   154.3951 
100   202.1995   168.4619 
5   38.92719   20.63947 
10   74.1344   49.77779 
15   95.9464   72.21258 
20   114.3618   91.96782 
25   125.84   103.8712 
30   131.5987   105.4384 
35   142.6409   112.0201 
40   151.1915   121.0048 
45   161.6734   130.8047 
50   161.2679   136.031 
55   165.862   134.6039 
60   171.7163   138.932 
65   176.9418   141.0193 
70   180.7888   142.7784 
75   187.9837   151.3817 
80   186.4334   146.4648 
85   196.8038   148.9338 
90   198.0375   158.4042 
95   198.2076   164.0933 
100   203.4098   143.0395 
5   36.67123   24.96905 
10   73.85264   55.35265 
15   91.78381   67.79978 
20   109.5706   87.91523 
25   122.7558   101.4122 
30   131.0767   103.4998 
35   140.0966   109.442 
40   147.933   107.5392 
45   152.9376   121.2901 
50   162.2433   133.9744 
55   167.2473   132.2167 
60   174.8375   141.1023 
65   179.1255   147.3118 
70   181.4575   150.3649 
75   187.1411   149.9774 
80   191.1614   158.9929 
85   191.0822   156.6913 
90   200.2459   158.1763 
95   197.0282   145.5846 
100   205.9652   162.3799 
5   40.12953   25.98387 
10   74.36249   58.35178 
15   92.14829   68.67914 
20   110.4209   82.30754 
25   119.4908   97.50722 
30   135.4568   99.80715 
35   141.5503   116.0257 
40   148.2518   123.3308 
45   159.4667   128.746 
50   162.0806   115.1006 
55   167.5826   127.5827 
60   169.3315   138.2177 
65   179.7461   145.8427 
70   180.9352   152.3973 
75   182.0015   145.6041 
80   191.0784   149.4859 
85   189.524   155.7953 
90   195.7824   155.0631 
95   200.4208   163.0099 
100   205.5831   174.19 
5   36.96975   20.90295 
10   73.14706   50.25839 
15   95.86724   77.55388 
20   110.0939   81.6718 
25   125.1882   102.0152 
30   132.1559   107.3861 
35   144.5008   117.9568 
40   146.84   120.6905 
45   154.2149   117.2274 
50   160.646   122.0708 
55   168.7577   142.5571 
60   174.3768   137.685 
65   175.1548   148.811 
70   185.8424   150.7931 
75   184.8654   151.8712 
80   188.6959   146.8586 
85   194.4616   153.2079 
90   197.8948   158.763 
95   200.651   166.0889 
100   197.1849   166.0613 
5   37.20352   21.41835 
10   71.97556   55.90997 
15   93.51165   74.2391 
20   110.7106   87.90549 
25   122.7352   92.54469 
30   137.1843   107.4834 
35   139.6938   106.852 
40   150.1864   119.5859 
45   157.0144   124.0857 
50   164.3363   131.3999 
55   167.0728   130.1305 
60   171.9496   130.9 
65   177.0588   150.5559 
70   184.1655   148.796 
75   183.7345   153.668 
80   191.0358   150.0451 
85   194.0399   156.0363 
90   197.5766   166.9955 
95   202.6704   162.1252 
100   202.4314   158.3793 
5   38.64998   26.30392 
10   73.59407   51.96998 
15   93.73071   69.08907 
20   111.6579   83.8748 
25   121.1893   96.38904 
30   133.5613   111.7872 
35   142.2992   117.9322 
40   148.6133   121.3452 
45   157.1568   121.3287 
50   161.5698   128.9342 
55   168.3519   128.1087 
60   175.2377   147.3917 
65   180.9397   140.3506 
70   181.3463   149.3793 
75   189.9552   152.0055 
80   190.2923   141.3943 
85   190.8647   155.4596 
90   199.5403   162.0235 
95   196.4895   160.7427 
100   201.9965   155.704 
5   36.71354   22.17347 
10   74.55732   54.9277 
15   94.34983   69.26384 
20   107.5893   85.28629 
25   123.0755   96.7394 
30   133.204   109.065 
35   139.8132   109.2435 
40   147.0088   118.7222 
45   157.9423   121.3014 
50   166.7918   132.0442 
55   166.6881   134.9536 
60   171.2129   132.3488 
65   175.4011   134.398 
70   181.6454   122.3604 
75   185.5191   152.4031 
80   186.9012   145.2914 
85   196.3809   162.0669 
90   194.5658   162.6653 
95   195.7628   159.2388 
100   204.2287   169.1488 
5   38.61312   21.9127 
10   71.03982   50.96268 
15   95.73761   73.01158 
20   108.352   80.8384 
25   125.6542   105.5384 
30   129.0926   96.98974 
35   140.6856   115.0736 
40   150.2429   122.6581 
45   154.4393   124.9454 
50   161.2196   134.3793 
55   167.3072   132.4355 
60   173.6794   132.4214 
65   178.1807   140.7174 
70   180.1253   141.8994 
75   184.0694   153.1438 
80   189.8726   157.5925 
85   194.4516   165.6048 
90   194.7419   137.0508 
95   196.818   163.0848 
100   199.9713   162.0709 
5   38.94299   22.81588 
10   75.14508   55.45833 
15   93.90897   71.68195 
20   110.0223   80.97196 
25   120.4623   94.15882 
30   129.5742   100.013 
35   144.5995   116.9471 
40   148.1204   123.9385 
45   153.3921   118.2412 
50   159.0344   115.6559 
55   169.5285   133.6944 
60   173.1296   140.7185 
65   176.283   135.5396 
70   181.5157   143.0581 
75   184.4266   153.6994 
80   194.3474   154.2993 
85   194.6077   159.0326 
90   197.8098   149.3016 
95   197.9446   169.5349 
100   206.0447   171.1904 
5   40.56879   28.77977 
10   72.94884   53.93008 
15   94.09336   67.95699 
20   114.1307   93.80588 
25   125.4284   94.35911 
30   128.6832   108.367 
35   143.0246   115.895 
40   149.9841   121.8716 
45   156.1256   122.1728 
50   163.5937   126.2517 
55   165.6993   131.6544 
60   177.6045   129.9828 
65   179.1939   149.2692 
70   183.5411   139.9884 
75   183.2908   144.135 
80   190.8195   152.403 
85   193.72   171.2222 
90   193.1766   153.5908 
95   198.0795   161.8239 
100   199.892   164.6384 
5   37.93085   23.31812 
10   70.9438   51.95395 
15   95.42079   75.04889 
20   106.6598   76.64254 
25   125.5484   100.3288 
30   131.6089   105.9667 
35   143.1405   112.2819 
40   150.7155   118.9006 
45   153.9403   108.3722 
50   160.5647   129.5496 
55   164.2513   137.2049 
60   170.8764   136.5591 
65   178.2377   126.1965 
70   181.1628   151.97 
75   186.918   148.6858 
80   189.6012   151.4818 
85   193.1042   153.4728 
90   198.8658   160.7578 
95   202.5004   163.9922 
100   203.9334   151.9032 
5   35.83808   21.53001 
10   71.44088   48.89537 
15   95.90319   68.1226 
20   109.0299   84.48045 
25   122.1093   98.91969 
30   135.8937   105.4594 
35   141.7584   104.0021 
40   150.4126   114.8618 
45   153.0748   112.5897 
50   159.8121   134.2226 
55   166.7761   135.0606 
60   170.4892   124.5385 
65   177.4401   142.2176 
70   184.0532   139.7725 
75   185.1936   151.8746 
80   189.0256   161.6797 
85   194.4556   161.4696 
90   198.4209   161.9756 
95   206.7768   175.0566 
100   201.2059   159.8283 
5   38.83346   24.86719 
10   74.96714   54.71418 
15   94.03393   70.14261 
20   109.8153   81.78715 
25   124.4002   99.51384 
30   132.6663   105.5031 
35   143.0226   101.1387 
40   149.2615   118.3215 
45   156.0808   124.8439 
50   158.7739   132.6962 
55   164.0557   138.788 
60   170.8058   138.559 
65   178.1553   139.3441 
70   182.9018   161.2592 
75   188.8136   148.51 
80   186.8717   140.6242 
85   192.9654   165.6649 
90   198.6118   164.8265 
95   200.0466   160.6876 
100   204.5508   166.5708 
5   40.98894   29.08465 
10   72.86344   48.64723 
15   93.76368   72.99269 
20   109.3501   88.99471 
25   122.4251   98.39178 
30   134.8774   94.66312 
35   143.73   107.4206 
40   149.5354   118.1427 
45   153.0851   125.0466 
50   165.2419   137.0658 
55   166.2508   130.2375 
60   173.4166   135.2806 
65   181.9641   148.4816 
70   183.1744   149.6674 
75   189.9497   160.4928 
80   191.2467   160.7039 
85   192.6647   166.2986 
90   195.7491   165.5242 
95   198.5162   156.4672 
100   207.1849   163.2598 
5   37.92952   22.16854 
10   72.09337   54.29472 
15   93.94825   69.22592 
20   110.8582   81.21787 
25   124.2832   97.05978 
30   133.1458   107.8952 
35   142.4567   114.646 
40   149.6476   111.623 
45   156.2197   125.2007 
50   163.9846   132.8518 
55   169.0291   140.2757 
60   177.1439   145.8109 
65   175.9634   125.7991 
70   181.2418   146.5563 
75   185.9657   140.4777 
80   189.3231   147.3432 
85   193.5504   154.9803 
90   195.2857   148.6456 
95   199.0997   165.2224 
100   200.9894   166.405 
5   36.97421   22.63645 
10   74.02443   52.65138 
15   94.1747   74.23009 
20   108.0525   72.81741 
25   122.4279   96.4811 
30   132.3396   100.5774 
35   142.9497   109.0202 
40   146.4272   119.8435 
45   153.4675   122.7364 
50   166.5024   143.3847 
55   169.1948   136.8214 
60   177.886   143.7078 
65   176.3798   133.3395 
70   181.3939   127.8515 
75   181.9484   154.0699 
80   190.7101   157.2317 
85   195.4814   146.454 
90   196.8987   159.5695 
95   201.232   164.0651 
100   200.1064   168.4349 
5   38.53433   24.79114 
10   76.16615   57.55314 
15   96.34979   72.60685 
20   107.9649   83.84469 
25   124.8667   96.55373 
30   129.4663   100.0036 
35   140.9327   116.0079 
40   153.1382   125.8539 
45   153.036   124.6646 
50   162.1337   128.7437 
55   167.4902   135.3957 
60   174.8714   119.118 
65   173.476   143.3275 
70   185.2086   156.5378 
75   188.8221   151.7746 
80   190.5481   154.8075 
85   193.0618   156.6715 
90   200.1138   144.9515 
95   200.0777   161.5538 
100   201.9474   167.8283 
5   38.65062   27.89837 
10   73.45211   52.95195 
15   97.74721   74.45602 
20   112.2426   90.32428 
25   126.6092   103.1079 
30   137.0419   107.1197 
35   143.248   113.6579 
40   150.6095   100.6819 
45   152.4852   123.1402 
50   161.7921   140.2264 
55   167.1554   130.9699 
60   173.7505   132.5279 
65   176.5343   139.0233 
70   182.6901   148.056 
75   187.5987   150.2984 
80   184.3531   150.12 
85   192.8043   158.2417 
90   197.0904   160.335 
95   201.0446   137.9523 
100   200.4317   161.9724 
5   40.93262   26.92891 
10   74.82844   48.78856 
15   92.43052   68.10215 
20   112.7401   89.08274 
25   122.3147   88.17531 
30   133.4866   110.4449 
35   144.075   118.5744 
40   147.8454   116.0023 
45   156.4467   119.1527 
50   162.2119   124.4764 
55   170.521   126.4068 
60   174.722   137.5379 
65   179.4255   147.9806 
70   182.5415   145.713 
75   190.8884   159.8482 
80   190.6602   157.5564 
85   191.4538   157.9427 
90   195.3396   159.9165 
95   207.1488   175.7498 
100   199.6357   162.1799 
5   38.74691   25.27966 
10   71.84266   53.99832 
15   91.14442   72.96828 
20   110.7171   86.66725 
25   122.1742   89.20816 
30   131.8304   106.3122 
35   144.7921   117.5749 
40   147.8604   117.6628 
45   153.9191   122.0516 
50   165.6084   138.6021 
55   168.1916   135.5033 
60   172.206   137.3115 
65   180.1053   149.5049 
70   183.6952   131.8293 
75   187.8779   157.6541 
80   193.4835   157.4427 
85   191.701   161.2287 
90   195.5188   164.4599 
95   196.7902   163.7288 
100   203.6385   173.3953 
5   37.91728   27.21844 
10   73.19757   52.87312 
15   95.2983   69.18085 
20   110.4339   77.26551 
25   121.3496   95.62633 
30   133.0045   105.0456 
35   144.8169   109.2171 
40   150.8002   115.707 
45   157.7315   123.3001 
50   165.1197   139.6164 
55   169.5479   135.9167 
60   176.6753   151.6313 
65   176.7801   138.8788 
70   180.8827   154.1509 
75   185.7068   142.4515 
80   190.8683   163.5441 
85   195.961   150.2951 
90   195.6143   157.3476 
95   202.8091   158.433 
100   203.9227   153.6617 
5   38.24442   24.91698 
10   70.60615   53.13577 
15   96.60477   74.78158 
20   109.8026   80.04511 
25   124.0502   100.1519 
30   136.1785   111.9917 
35   141.0583   115.7603 
40   148.3028   124.6375 
45   156.4096   106.1588 
50   162.6953   136.088 
55   169.3213   131.0052 
60   173.5159   139.8409 
65   176.9557   149.0049 
70   181.5926   136.7908 
75   185.2308   152.4602 
80   189.5996   149.7135 
85   193.6946   152.3606 
90   195.9028   159.8972 
95   199.1473   160.6484 
100   204.0557   161.0101 
5   37.98052   24.70013 
10   73.29624   51.75623 
15   97.17066   75.48069 
20   110.3913   79.24147 
25   123.0556   85.63353 
30   135.5513   105.5499 
35   140.2641   109.8871 
40   147.7832   119.2614 
45   159.697   133.5791 
50   163.1189   120.4122 
55   169.3671   141.7639 
60   170.4954   139.8167 
65   179.6381   144.9403 
70   182.2079   146.0818 
75   186.138   153.069 
80   192.839   166.2299 
85   197.4509   146.8711 
90   194.2584   161.2431 
95   199.3175   162.3313 
100   205.4581   163.0673 
5   39.20242   22.40365 
10   76.72034   58.69484 
15   93.57368   73.91251 
20   110.8145   89.14934 
25   121.4612   97.45129 
30   132.0133   102.5444 
35   140.8175   106.96 
40   150.4271   114.8903 
45   156.8627   122.3748 
50   160.0331   124.1418 
55   170.9018   128.1508 
60   175.1788   143.5457 
65   174.8551   134.7185 
70   180.6823   148.9873 
75   182.967   144.9657 
80   189.5768   149.1489 
85   191.9806   159.3513 
90   195.5777   164.6917 
95   198.1595   159.4748 
100   206.5479   161.8492 
5   39.60836   24.73859 
10   71.74387   49.18815 
15   97.13853   76.96769 
20   112.2964   89.55621 
25   121.4605   98.30998 
30   133.2425   100.011 
35   139.0524   111.103 
40   148.7656   113.9811 
45   160.3928   130.7302 
50   162.2239   122.0915 
55   166.7531   135.4537 
60   171.501   141.7404 
65   179.4952   127.3737 
70   178.603   137.9308 
75   183.7711   145.856 
80   187.7181   151.0336 
85   191.7092   151.6261 
90   195.6344   159.589 
95   201.172   165.9023 
100   201.7306   158.0807 
5   39.51736   25.197 
10   74.2758   53.87413 
15   92.73897   64.26906 
20   110.4919   76.82131 
25   123.5178   102.6285 
30   130.8414   102.4678 
35   139.4868   108.2992 
40   146.7961   118.8199 
45   155.9226   122.5736 
50   159.4312   129.3141 
55   171.641   145.9732 
60   173.7902   144.0365 
65   176.8653   145.508 
70   176.5839   129.8894 
75   184.3919   151.5258 
80   191.9404   153.7354 
85   198.8032   148.8383 
90   199.473   161.5077 
95   199.5257   159.1285 
100   202.6963   168.8256 
5   37.47443   26.05939 
10   74.28271   52.29486 
15   92.82621   62.56393 
20   110.1676   81.71509 
25   122.5862   93.56396 
30   135.797   97.11911 
35   139.8123   116.3399 
40   148.4014   121.3111 
45   156.531   126.4294 
50   161.5922   123.9297 
55   167.8913   137.7204 
60   172.4644   140.1588 
65   177.2631   118.9967 
70   189.1003   160.5736 
75   186.9331   156.1374 
80   188.0684   152.1122 
85   197.3689   132.5767 
90   199.297   158.8117 
95   197.9294   162.5854 
100   204.7714   171.2639 
5   38.06509   27.38514 
10   74.59887   53.63726 
15   96.10488   72.3039 
20   111.4886   86.14731 
25   125.5763   100.9588 
30   132.3547   107.0148 
35   141.2848   112.102 
40   149.259   122.6946 
45   160.8312   132.3971 
50   161.2573   121.7738 
55   163.0675   126.5649 
60   171.6066   131.7494 
65   178.7438   148.5953 
70   180.7678   146.5419 
75   185.4159   144.0695 
80   190.268   159.4431 
85   189.8132   162.3304 
90   198.5453   163.6889 
95   195.4358   163.0429 
100   204.2036   169.5487 
5   38.0262   22.03724 
10   74.38525   50.95187 
15   95.31983   65.14761 
20   112.194   84.80428 
25   122.2653   95.45815 
30   138.8134   106.5175 
35   143.1467   113.5083 
40   147.4153   108.7299 
45   155.7629   127.0694 
50   166.4635   134.1989 
55   168.278   139.3278 
60   175.8517   137.4096 
65   175.4534   142.0965 
70   184.579   154.7462 
75   183.2709   140.7727 
80   186.5024   157.5815 
85   191.1249   157.9483 
90   193.4487   144.4377 
95   207.7208   170.1965 
100   197.7312   157.027 
5   38.24848   29.51737 
10   71.64873   54.73273 
15   94.14061   76.23111 
20   111.338   91.8644 
25   122.6462   90.82152 
30   135.733   109.6332 
35   137.6606   114.197 
40   148.483   125.1043 
45   158.7609   134.119 
50   161.6204   134.789 
55   168.3985   140.3917 
60   174.1451   141.7929 
65   183.5107   143.9171 
70   181.4803   144.7353 
75   181.05   150.5947 
80   190.3476   151.4815 
85   192.134   159.4226 
90   197.1116   166.8355 
95   193.9653   161.3533 
100   203.6539   164.2518 
5   37.50616   23.773 
10   76.48058   54.98696 
15   94.46036   75.06444 
20   110.7838   83.86247 
25   120.7017   93.48425 
30   133.6145   103.5531 
35   140.2332   109.2902 
40   151.5392   119.6857 
45   153.6519   122.9826 
50   164.8972   134.7218 
55   163.8647   131.4431 
60   175.5471   144.1144 
65   178.8123   148.9083 
70   182.7784   152.4955 
75   185.6909   151.7911 
80   184.307   146.1517 
85   197.4338   162.1557 
90   196.086   155.4079 
95   196.83   164.4156 
100   201.8261   151.43 
5   38.96862   27.52855 
10   74.18027   53.48554 
15   94.63575   71.9127 
20   110.8689   86.86655 
25   124.7766   95.04524 
30   131.1123   101.1881 
35   145.6241   116.9126 
40   150.5839   105.2518 
45   155.6634   115.5497 
50   162.0331   124.1791 
55   165.405   127.9291 
60   167.7443   133.7497 
65   173.0358   129.207 
70   184.1435   152.1028 
75   183.3444   150.836 
80   191.1309   160.2261 
85   196.4066   166.2858 
90   194.5759   160.4578 
95   201.1122   170.5464 
100   203.3474   169.4484 
5   38.13262   23.91325 
10   71.77679   54.82972 
15   95.36891   68.79764 
20   109.6581   79.77712 
25   123.6083   99.28174 
30   135.1506   102.6051 
35   144.8577   119.1578 
40   148.518   124.8327 
45   153.4022   120.8111 
50   160.9115   130.161 
55   165.4474   126.8714 
60   174.6874   146.1928 
65   179.8059   144.2809 
70   181.6334   150.2228 
75   187.2661   143.163 
80   189.9933   161.2363 
85   193.5756   138.8693 
90   198.3562   166.7245 
95   198.2776   171.2692 
100   205.0322   169.8412 
5   39.80742   25.76828 
10   70.62187   50.0203 
15   93.07321   74.65243 
20   108.4691   86.24301 
25   123.4282   99.96325 
30   132.4843   108.146 
35   140.245   109.2257 
40   148.2704   115.1798 
45   159.1583   123.6194 
50   163.0246   128.9532 
55   170.6094   132.9208 
60   174.5709   131.3242 
65   177.9458   148.2419 
70   180.8449   145.7195 
75   191.9494   161.9635 
80   190.7745   151.8392 
85   192.7266   152.6619 
90   194.4632   167.9647 
95   200.4774   149.6624 
100   200.8016   160.2854 
5   38.09345   23.06301 
10   73.43728   55.45913 
15   99.02143   79.71846 
20   111.2376   90.51689 
25   121.3547   99.00256 
30   130.1743   107.2809 
35   140.2296   103.291 
40   149.4191   123.4672 
45   157.5192   123.9054 
50   163.4964   123.1023 
55   170.2264   145.3335 
60   170.5499   133.7696 
65   174.5024   135.9959 
70   178.3757   146.875 
75   184.1021   154.2278 
80   190.1072   159.2961 
85   195.8628   147.8102 
90   198.4639   153.2728 
95   198.215   161.976 
100   201.8034   162.5206
5   37.95862   25.76667 
10   75.0317   58.96961 
15   92.40263   73.33035 
20   108.6713   84.93583 
25   120.459   96.4239 
30   132.411   104.104 
35   142.0964   115.0606 
40   152.0369   123.0375 
45   159.1605   120.6267 
50   160.581   124.904 
55   167.9562   140.0979 
60   171.1627   139.7022 
65   178.0498   142.3074 
70   183.0557   153.3993 
75   184.2808   149.0423 
80   191.2022   157.1158 
85   191.7698   150.4615 
90   201.3668   166.7135 
95   197.9504   156.4331 
100   198.6001   168.0351 
5   37.02867   24.31214 
10   74.81851   50.92877 
15   96.94119   69.67837 
20   109.9025   90.02713 
25   121.3146   88.83675 
30   130.1121   95.05123 
35   140.7767   107.8509 
40   150.5519   123.2705 
45   155.8543   121.0611 
50   164.7293   134.4348 
55   167.1404   129.9759 
60   169.9687   135.0743 
65   175.1294   144.6924 
70   182.2312   151.4137 
75   184.7698   147.3652 
80   187.9781   158.0113 
85   190.7159   159.9278 
90   194.9606   160.5737 
95   199.4989   154.7027 
100   201.3716   164.6253 
5   36.28869   21.42842 
10   73.80454   49.71019 
15   93.29371   71.13726 
20   110.1283   85.51791 
25   122.3145   96.42461 
30   134.1721   108.5304 
35   145.9786   116.7406 
40   150.0036   124.8517 
45   159.2598   122.1811 
50   161.8484   130.1851 
55   169.6368   136.7142 
60   170.2549   141.9049 
65   179.0987   143.8577 
70   182.8339   151.8019 
75   187.5581   147.2833 
80   184.6902   147.6629 
85   193.7818   152.7385 
90   194.2763   162.8162 
95   199.7683   168.0721 
100   203.0358   169.466 
5   36.24886   21.09618 
10   71.9839   53.83044 
15   96.70144   67.70385 
20   108.8688   80.25531 
25   123.2262   97.53168 
30   131.5863   103.7764 
35   141.0391   117.5199 
40   145.6708   120.2865 
45   157.0935   126.2407 
50   162.7154   130.6744 
55   163.4429   131.537 
60   171.4867   120.2536 
65   176.6171   146.2426 
70   180.4809   150.1393 
75   187.6168   144.8041 
80   185.646   148.4827 
85   190.4358   151.3386 
90   198.1575   159.6563 
95   198.4474   160.5276 
100   198.7127   163.7575 
5   38.59038   22.7574 
10   73.11015   52.03344 
15   92.34941   72.94406 
20   109.9479   79.23606 
25   118.9331   93.65453 
30   133.548   108.5033 
35   141.762   117.5228 
40   150.0092   122.0812 
45   159.6774   130.3215 
50   158.7761   128.1248 
55   169.8062   139.353 
60   171.8465   137.9554 
65   178.8991   139.6419 
70   183.0632   149.7816 
75   184.6361   153.3241 
80   192.4387   148.4537 
85   191.1919   147.6649 
90   196.356   165.2762 
95   195.6637   133.1273 
100   205.1195   161.2842 
5   38.07123   25.63428 
10   71.89014   57.0269 
15   94.55142   71.03422 
20   107.8212   79.21514 
25   123.4825   100.1853 
30   130.7659   104.276 
35   146.0928   121.287 
40   154.3835   126.2359 
45   156.5972   120.7375 
50   160.7202   128.4937 
55   165.8218   121.0206 
60   172.5704   140.1438 
65   180.4986   142.7462 
70   180.6409   146.8679 
75   187.3263   155.6814 
80   190.9753   154.4688 
85   191.9721   158.2165 
90   195.6685   165.4033 
95   203.3367   165.8317 
100   204.0424   167.6893 
5   39.45407   26.24128 
10   73.13497   55.93235 
15   96.96731   78.4003 
20   110.8708   88.18548 
25   123.1524   93.42748 
30   135.3667   108.4071 
35   138.8436   97.26119 
40   151.912   118.3507 
45   155.1884   120.7716 
50   163.779   133.1839 
55   165.3093   137.4897 
60   174.7147   126.1992 
65   175.899   140.223 
70   186.4673   155.7214 
75   186.6276   148.9942 
80   185.9837   152.9614 
85   193.5126   149.6273 
90   197.8324   164.6164 
95   202.8273   159.3649 
100   202.1725   157.229 
5   39.16625   25.13366 
10   74.1599   48.42944 
15   95.37996   72.41967 
20   113.3158   90.42573 
25   120.2029   99.33091 
30   131.9016   94.89193 
35   141.1067   114.3473 
40   145.7973   114.3715 
45   155.9749   121.5417 
50   163.8583   138.9994 
55   168.9525   139.6148 
60   170.2746   142.0216 
65   177.2782   136.9656 
70   178.3086   142.8753 
75   182.6297   153.0846 
80   190.9632   159.4336 
85   194.0716   146.2771 
90   193.3712   159.0801 
95   198.2935   158.3492 
100   204.5105   155.7562 
5   38.38682   23.6323 
10   73.43218   58.1479 
15   94.39912   65.84263 
20   108.5158   77.9318 
25   124.7242   101.7479 
30   131.2421   104.39 
35   143.9658   115.2102 
40   152.7764   118.2208 
45   156.6076   125.1554 
50   163.5124   131.7779 
55   167.4064   130.7511 
60   173.203   145.2479 
65   178.7772   137.1761 
70   180.0745   132.1916 
75   186.2006   155.5405 
80   190.6215   154.5599 
85   195.3373   165.2773 
90   194.7585   160.3795 
95   195.7726   157.5891 
100   197.5951   154.5426 
5   37.86798   27.76383 
10   71.78659   51.93033 
15   92.6006   74.13091 
20   111.825   88.82388 
25   120.2989   100.7691 
30   129.1717   89.68739 
35   139.7811   111.705 
40   151.1661   120.683 
45   156.583   124.8899 
50   161.3633   136.4148 
55   165.8049   124.292 
60   177.6077   134.3871 
65   174.0348   140.5912 
70   176.8177   142.4122 
75   184.9362   152.5749 
80   191.761   159.3313 
85   199.8737   172.7603 
90   197.4095   157.1096 
95   200.9626   167.867 
100   202.2894   166.4642 
5   36.66554   24.08778 
10   72.44823   54.73035 
15   92.50776   72.34021 
20   109.8087   86.77122 
25   124.2776   97.38508 
30   132.8993   107.7092 
35   145.6927   116.3532 
40   150.077   124.8089 
45   156.1373   129.2941 
50   162.0958   129.4082 
55   169.8241   145.0483 
60   171.3258   140.8204 
65   178.4591   142.9518 
70   185.1641   147.2726 
75   186.6756   149.696 
80   187.4387   148.3213 
85   191.3864   154.0661 
90   194.6507   164.5354 
95   192.3598   160.0185 
100   203.2389   171.0362 
5   39.15052   23.47276 
10   73.21446   57.01881 
15   94.72054   70.76474 
20   109.0617   83.7321 
25   122.6737   93.4628 
30   133.6129   107.2877 
35   142.0828   116.6302 
40   150.0821   118.3699 
45   156.1716   128.9577 
50   157.2563   127.0435 
55   165.6985   131.251 
60   171.71   125.0767 
65   178.2512   147.2548 
70   180.4824   152.3358 
75   183.6821   155.3935 
80   189.806   153.3415 
85   191.1819   152.496 
90   193.7332   158.4005 
95   197.8471   157.3785 
100   203.0634   164.4507 
5   38.98893   25.51087 
10   71.41722   47.50612 
15   95.58343   73.50386 
20   110.0307   87.20321 
25   121.595   92.2524 
30   130.6904   102.6081 
35   141.5441   115.8141 
40   147.2559   121.3306 
45   158.576   128.9307 
50   161.2207   128.1255 
55   169.5575   132.3501 
60   170.4486   130.4824 
65   179.8441   144.9812 
70   180.9447   141.5419 
75   185.8872   148.7947 
80   184.6446   159.666 
85   192.7165   161.2654 
90   196.1866   159.6498 
95   204.3471   175.8405 
100   204.9387   170.5625 
5   40.00165   24.9745 
10   69.94654   47.36963 
15   93.78206   67.67861 
20   112.0005   78.64724 
25   121.0385   97.11383 
30   132.5349   102.865 
35   142.8684   117.7817 
40   148.2209   116.8112 
45   159.4347   125.3385 
50   160.7703   122.0898 
55   167.369   133.7543 
60   171.4761   140.5125 
65   181.3745   150.1971 
70   179.8558   147.3937 
75   184.7704   159.6403 
80   192.053   146.755 
85   192.9499   154.3021 
90   194.246   150.9174 
95   198.3962   156.8481 
100   200.1479   164.7978 
5   37.36304   25.42239 
10   73.36581   55.70247 
15   93.37347   75.70938 
20   110.594   79.18496 
25   124.4795   91.61324 
30   134.2803   105.6388 
35   138.9123   108.272 
40   150.3554   118.7837 
45   159.238   133.0486 
50   159.057   133.034 
55   163.9286   129.7693 
60   171.9821   143.2184 
65   178.605   148.3554 
70   177.5134   145.3218 
75   185.8018   154.5111 
80   183.7829   151.2192 
85   194.4298   155.4375 
90   191.9385   148.5637 
95   195.562   160.3984 
100   198.5988   172.5554 
5   37.80755   25.55908 
10   72.64543   53.89818 
15   97.01423   75.716 
20   106.1727   86.32516 
25   123.2149   97.21736 
30   130.6211   107.0669 
35   140.6863   109.8211 
40   150.4125   120.0895 
45   154.214   119.0221 
50   159.8081   112.4622 
55   166.0894   138.272 
60   171.0909   127.0932 
65   180.0599   145.6001 
70   183.6088   155.6528 
75   188.8582   148.051 
80   188.0332   147.3954 
85   193.4149   142.83 
90   199.0954   161.983 
95   197.752   157.2958 
100   202.9117   163.5857 
5   39.43038   23.72841 
10   73.38528   49.06952 
15   94.20837   71.7586 
20   112.2859   85.50588 
25   122.4169   90.827 
30   135.0884   94.51063 
35   143.8426   109.4602 
40   148.3901   116.4816 
45   159.7899   122.2047 
50   161.3684   126.6001 
55   161.819   127.8304 
60   176.3877   137.2157 
65   176.8535   140.8396 
70   183.2207   140.7972 
75   182.5076   134.0226 
80   190.9534   158.4698 
85   188.6878   148.173 
90   197.4736   156.8247 
95   198.2671   153.5401 
100   202.2305   155.7349 
5   38.12586   27.21322 
10   72.16758   51.88224 
15   93.70304   69.51155 
20   109.8892   88.23592 
25   126.0761   96.23548 
30   133.3669   103.8493 
35   144.1269   116.7704 
40   152.1246   117.3148 
45   156.9453   129.2716 
50   164.8269   123.8085 
55   170.6753   130.5016 
60   170.3056   138.9143 
65   175.1272   146.0367 
70   184.379   148.7551 
75   185.8392   152.4809 
80   188.6457   147.2072 
85   188.9122   160.6716 
90   196.3504   150.3504 
95   202.7275   160.7521 
100   204.0425   171.4108 
5   39.0939   22.17927 
10   70.80103   52.15978 
15   92.02793   70.22629 
20   112.7704   88.93975 
25   122.2304   91.46154 
30   136.3279   104.4707 
35   140.0377   102.6067 
40   152.4415   111.5516 
45   157.1861   117.8835 
50   164.2022   126.9526 
55   164.1062   137.2726 
60   172.2863   128.4861 
65   175.1898   145.0458 
70   184.6848   140.6454 
75   187.7519   157.1569 
80   189.8497   157.373 
85   193.7531   159.1722 
90   195.3504   162.7245 
