simpl   100   187.3571   23.076 
pNProps   100   183.8928   11.497 
p2NProps   100   206.7622   18.488 
p14nProps   100   217.6142   32.138 
simpl   200   105.7393   88.989 
pNProps   200   100.0709   38.213 
p2NProps   200   112.7552   66.345 
p14nProps   200   117.6073   123.959 
simpl   300   71.23858   217.052 
pNProps   300   71.28438   85.294 
p2NProps   300   75.19475   149.851 
p14nProps   300   82.32971   282.627 
simpl   400   59.25109   416.26 
pNProps   400   56.76185   151.736 
p2NProps   400   61.41735   269.444 
p14nProps   400   64.50984   510.835 
simpl   500   47.87886   799.352 
pNProps   500   44.93959   243.093 
p2NProps   500   49.49046   434.143 
p14nProps   500   51.83747   831.853 
simpl   600   39.40705   1348.187 
pNProps   600   38.83211   347.696 
p2NProps   600   40.9736   626.3 
p14nProps   600   44.33254   1230.746 
simpl   700   33.79999   2126.009 
pNProps   700   35.43211   487.675 
p2NProps   700   37.47922   879.201 
p14nProps   700   38.74202   1706.957 
simpl   800   31.30017   2990.805 
pNProps   800   31.7712   657.62 
p2NProps   800   32.42494   1188.998 
p14nProps   800   34.883   2348.226 
simpl   900   28.25952   4120.407 
pNProps   900   28.82396   859.756 
p2NProps   900   29.81966   1548.354 
p14nProps   900   31.56319   3025.881 
simpl   1000   25.56849   5598.231 
pNProps   1000   26.35967   1121.616 
p2NProps   1000   27.48562   2025.352 
p14nProps   1000   29.28069   3858.521 
simpl   1100   24.70159   7380.87 
pNProps   1100   23.99936   1358.613 
p2NProps   1100   24.89059   2389.936 
p14nProps   1100   26.58471   5178.754 
