4   1685.603   1670.492   5.983   761.9533   722.5818   4.484   1669.64   1607.319   5.273 
4   1608.527   1578.681   5.413   748.0537   650.1697   4.334   1672.619   1644.378   5.058 
4   1611.666   1544.356   5.493   723.9957   689.8431   4.286   1712.735   1630.1   5.259 
4   1567.652   1375.336   5.412   746.5032   711.5529   4.242   1647.306   1591.413   5.204 
4   1637.318   1586.901   5.422   773.3063   739.5004   4.414   1629.637   1558.919   5.189 
4   1662.266   1617.128   5.486   710.2604   658.593   4.328   1659.231   1601.83   5.121 
4   1598.642   1505.659   5.4   775.9676   698.0084   4.198   1719.59   1607.947   5.19 
4   1719.553   1637.716   5.43   745.0961   739.5194   4.533   1672.282   1487.975   5.359 
4   1635.48   1601.274   5.336   721.8498   676.438   4.317   1614.803   1524.702   5.246 
4   1647.045   1549.343   5.569   708.9745   667.6653   4.288   1607.86   1430.305   5.199 
8   1142.206   1086.803   5.967   410.2542   397.5752   4.489   1004.239   948.3218   5.575 
8   1162.59   1093.017   5.876   403.6438   377.2978   4.526   1037.725   968.7737   5.69 
8   1161.837   1050.419   6.039   372.2537   347.2794   4.535   1034.842   840.0207   5.457 
8   1117.456   1011.523   5.962   399.8395   363.4828   4.549   1032.975   987.3674   5.553 
8   1062.238   1000.022   5.871   403.932   368.6335   4.467   1015.255   968.5404   5.623 
8   1126.2   1100.94   5.858   395.7428   324.5448   4.663   1006.691   954.2787   5.47 
8   1137.654   980.095   5.817   370.5924   356.1086   4.563   1044.967   939.8016   5.578 
8   1143.663   1080.426   6.03   398.3946   364.2972   4.495   1058.465   920.1889   5.592 
8   1144.702   970.3217   5.915   375.4013   326.1833   4.424   1005.876   931.1084   5.519 
8   1158.737   1008.269   6.003   409.8631   357.373   4.538   996.0903   932.6353   5.558 
16   755.0234   656.1349   6.883   200.2622   173.8746   4.779   480.6072   441.3345   6.876 
16   733.196   697.7727   7.032   196.6229   169.1562   4.827   474.5166   395.6952   6.928 
16   759.4751   711.3518   6.909   194.8038   171.1885   4.808   519.8771   381.0204   6.674 
16   733.6479   671.2537   6.851   200.9224   185.2991   4.818   485.9915   400.8414   6.749 
16   716.0857   619.195   6.793   196.3148   159.1486   4.738   539.6727   460.8854   6.699 
16   747.5551   692.3079   6.725   210.1789   184.9955   4.94   502.796   448.4615   6.719 
16   743.3152   653.3385   6.954   201.9268   173.5823   4.771   460.8866   427.8535   6.777 
16   757.0655   713.4941   6.871   213.731   188.8355   4.723   468.0876   420.4351   6.704 
16   727.9031   667.4144   6.851   190.6856   169.4921   4.742   465.1909   374.1643   6.693 
16   745.9019   699.8038   6.881   207.2625   178.7377   4.764   463.3349   346.3739   6.787 
32   468.9733   402.1305   9.669   101.7206   82.72694   5.89   218.2269   181.3957   10.059 
32   471.4459   424.1462   9.631   98.72097   83.74871   6.054   226.9107   179.3587   10.302 
32   453.35   385.3058   9.729   107.8987   82.34474   5.984   203.8002   174.9168   10.181 
32   474.2347   416.8267   9.669   104.7219   84.33231   6.16   212.7593   175.8458   10.03 
32   466.6238   431.2187   9.615   99.3964   79.53729   6.094   218.3241   184.4781   10.261 
32   453.9877   369.2403   9.718   104.866   84.38177   6.041   212.5486   178.7513   10 
32   459.4702   397.9596   9.672   105.0836   82.55295   6.06   216.054   175.7942   10.038 
32   461.957   407.1844   9.667   107.0546   85.49936   6.043   209.3856   179.7677   10.059 
32   461.0077   369.4332   9.508   104.6911   85.56259   6.11   215.7316   146.0288   10.037 
32   449.7524   416.8579   9.704   101.7402   76.03948   6.135   206.261   174.4892   10.163 
64   283.0792   232.5956   21.262   53.11478   40.31175   9.398   80.17444   63.59543   21.648 
64   291.5634   249.4434   20.732   55.13537   39.22981   9.399   90.09564   57.57642   21.766 
64   285.7562   245.2994   20.977   55.30108   40.58727   9.347   85.46154   62.07667   21.668 
64   282.8049   244.08   20.64   51.15095   40.44559   9.428   79.62224   62.72716   21.563 
64   281.3166   248.1363   21.47   52.17516   35.65735   9.469   79.36314   62.89155   21.454 
64   286.7692   246.5158   20.692   53.42355   39.83827   9.421   95.5788   76.53189   21.58 
64   284.6019   250.1464   20.721   55.18015   39.79909   9.457   86.67689   60.5326   21.476 
64   284.0498   235.6358   20.744   53.47044   35.53803   9.391   90.7376   71.18076   21.796 
64   291.8924   241.1091   20.952   52.30677   36.21538   9.342   82.16386   57.51804   21.925 
64   285.3884   242.6066   20.87   52.04708   41.11312   9.463   88.82494   65.26852   21.344 
128   171.7003   138.305   70.669   27.4021   16.99552   21.737   41.67762   29.68847   66.865 
128   173.1301   138.233   71.645   27.42144   13.11753   22.522   36.19867   21.633   68.861 
128   167.7004   140.3851   72.958   28.51052   16.09798   22.179   39.21278   26.12956   67.51 
128   168.1007   138.5791   71.346   27.22689   16.14074   22.19   38.50173   25.72966   66.53 
128   166.362   128.1509   72.625   27.24455   17.98691   22.145   35.41452   20.02693   65.917 
128   164.5957   135.4464   70.191   28.15762   17.58889   21.87   41.1658   24.84625   65.785 
128   166.8897   128.3486   70.789   26.99594   18.65079   21.914   37.00262   23.27135   66.127 
128   166.3844   127.6877   70.154   29.12757   18.38318   21.709   41.05014   27.30059   66.382 
128   170.408   131.8764   70.564   28.23411   18.59114   21.606   36.48834   22.24238   64.774 
128   167.9579   135.9032   69.662   27.98046   16.35531   21.406   40.08599   24.83652   64.925 
256   101.2721   74.67977   284.29   14.98429   8.050726   64.505   18.48696   9.282631   257.816 
256   98.79593   74.34869   286.705   15.19623   6.028961   65.028   18.57318   8.995061   261.189 
256   102.3773   72.85348   284.89   15.01873   8.144638   63.827   19.83455   10.45472   262.575 
256   100.1134   75.05087   284.875   15.00211   6.279123   62.557   18.77226   9.408163   263.787 
256   100.979   75.28625   289.053   15.15552   7.726174   63.916   18.62509   9.806969   263.771 
256   98.77596   78.38279   286.841   15.35078   8.301235   63.3   19.13157   8.334818   258.254 
256   99.90447   71.11342   288.204   14.85996   6.938738   64.323   19.79326   9.914847   259.285 
256   99.29515   72.2019   285.036   14.94794   5.97148   63.556   18.76406   8.728546   236.677 
256   101.8869   75.8354   265.269   14.93922   7.355208   55.154   19.81915   10.11252   237.634 
256   100.8602   74.08355   263.488   14.54038   5.299048   55.622   18.45237   6.6841   236.753 
512   59.65276   40.56285   1529.384   8.63673   2.640607   252.877   10.59514   4.2602   1075.701 
512   58.67854   39.95636   1552.711   8.631558   2.795188   262.746   10.59851   3.927259   1081.171 
512   58.09361   36.83818   1548.347   8.881096   3.158792   250.164   11.14925   4.634239   1084.851 
512   57.88001   35.95354   1552.528   8.889392   3.21356   258.211   10.6324   3.765238   1080.734 
512   58.31157   41.35019   1540.666   8.924087   2.66351   269.672   10.18196   3.904982   1097.611 
512   59.01622   39.25325   1525.371   8.79408   2.797648   245.999   9.752007   3.752231   1094.156 
512   57.35826   38.32443   1534.84   9.056452   2.65545   250.211   10.16067   3.292936   1081.691 
512   57.06133   39.09866   1520.481   8.95142   3.312074   245.978   9.214609   2.899554   1081.012 
512   58.51195   40.87286   1539.88   9.285305   2.907135   244.651   10.80884   3.461519   1047.092 
512   58.05878   39.98528   1548.016   8.981201   3.640244   256.918   9.78555   3.730944   1062.239 
