4   1710.069   1663.969   6.713   728.8244   650.6178   5.33 
4   1639.052   1569.163   6.137   709.8593   658.7085   5.223 
4   1644.046   1557.965   6.107   693.7153   635.4693   5.198 
4   1623.612   1441.266   6.004   669.5795   652.3578   5.06 
4   1607.85   1482.774   6.214   732.5919   633.1231   5.246 
4   1642.372   1608.086   6.176   725.7908   612.5602   5.218 
4   1686.634   1635.455   6.112   704.9379   592.9856   5.262 
4   1590.802   1470.498   6.192   722.3468   678.3907   5.088 
4   1601.691   1504.105   6.284   716.269   634.2481   5.247 
4   1628.152   1503.981   6.049   703.402   590.9291   5.275 
8   1143.99   1071.628   6.825   360.2017   310.7523   5.69 
8   1117.783   1006.837   6.589   354.0936   322.3703   5.406 
8   1195.536   1094.311   6.774   358.6877   344.2803   5.501 
8   1165.192   1097.878   6.798   358.1193   292.1653   5.505 
8   1118.869   974.9538   6.766   354.749   302.0914   5.419 
8   1195.354   1153.11   6.782   363.0234   332.0853   5.751 
8   1155.075   1053.006   6.803   393.5649   340.3572   5.407 
8   1148.701   1084.942   6.835   356.682   307.9761   5.488 
8   1124.607   1046.817   6.792   354.1529   278.3547   5.412 
8   1150.364   1087.021   6.761   347.1031   296.7054   5.372 
16   740.3889   677.5132   7.732   186.8246   149.0038   5.932 
16   776.9258   720.9521   7.484   185.5787   138.1612   5.853 
16   738.2302   687.9819   7.819   198.6095   163.6819   5.837 
16   777.6851   697.3527   7.864   189.7486   154.3393   5.859 
16   772.0884   721.1279   7.792   193.0544   165.8963   5.991 
16   763.9636   718.9741   7.887   177.8781   157.9672   5.894 
16   759.59   707.1008   7.98   189.752   161.6113   6.025 
16   743.498   643.6288   7.912   189.1836   143.7755   5.981 
16   763.9617   711.1646   7.78   185.221   172.3745   6.086 
16   771.1064   718.3562   7.782   202.3984   137.8937   6.027 
32   508.8964   415.2353   11.112   106.1224   83.21121   7.527 
32   494.6042   357.1056   11.124   105.0628   80.40524   7.601 
32   514.5058   429.1437   11.255   103.1191   71.20358   7.745 
32   499.2537   424.7598   11.211   104.5174   73.86604   7.579 
32   496.5781   417.7699   11.185   108.4015   63.36788   7.763 
32   509.9706   443.5769   11.085   108.8067   76.75765   7.704 
32   506.4945   399.7214   11.131   105.867   82.70917   7.331 
32   494.9201   402.8456   10.956   107.3943   85.34339   7.658 
32   504.0991   424.7709   10.96   105.5613   59.886   7.572 
32   512.7707   383.1114   11.111   97.88259   73.93654   7.577 
64   361.9348   246.2109   24.196   67.75792   49.93851   11.91 
64   371.0959   268.5146   24.694   68.59124   39.02217   11.881 
64   352.7699   243.7336   23.955   66.98846   29.24308   11.838 
64   357.5669   242.9241   24.375   70.10191   46.07202   11.799 
64   352.5133   246.3196   24.777   70.30935   48.72701   11.85 
64   354.49   263.7487   24.56   66.81854   46.91437   11.995 
64   367.9925   246.9311   24.079   74.15018   47.41784   11.817 
64   370.7357   250.4454   24.466   72.06818   48.01969   12.01 
64   353.3414   182.4564   23.713   69.45209   40.85327   11.626 
64   370.2113   235.2934   23.93   67.87766   50.53472   11.701 
128   333.0616   201.0348   80.94   45.63789   30.03889   29.299 
128   331.6914   248.3198   82.524   46.67959   32.7219   29.571 
128   333.7181   207.2329   80.987   45.3614   28.02662   29.188 
128   327.9575   235.1152   79.485   46.29025   33.15114   29.088 
128   327.2126   174.002   78.92   46.51937   26.01534   28.32 
128   329.446   232.5215   79.21   46.42202   27.02445   28.8 
128   333.9015   251.0213   77.823   45.60529   25.348   29.044 
128   324.1027   223.7951   78.831   44.80159   32.35344   28.329 
128   329.5641   223.2013   78.51   46.12519   24.55328   28.765 
128   324.5153   232.1394   78.112   47.60391   28.07664   28.143 
256   338.3967   226.7468   313.186   30.74962   19.72669   78.511 
256   332.6026   212.2616   307.078   29.58395   18.50206   76.664 
256   331.8692   249.205   298.526   28.94958   15.57352   75.031 
256   333.735   240.8043   296.981   29.58741   16.46429   75.209 
256   345.009   206.8705   295.198   30.66353   20.2643   75.536 
256   332.8822   226.7722   298.285   29.08161   18.94071   74.889 
256   326.103   235.7796   295.519   30.77424   20.90476   74.075 
256   330.9505   239.9833   296.601   31.66169   21.58588   76.075 
256   331.412   245.6232   296.96   30.81835   21.90437   74.241 
256   332.031   215.0245   293.342   30.71876   18.48369   74.162 
512   348.8698   228.5815   1647.908   19.88127   9.94836   324.824 
512   349.8332   254.7435   1667.92   19.32793   11.72878   313.248 
512   350.3677   206.1689   1639.02   19.42131   10.19671   315.124 
512   351.4683   168.9044   1617.037   19.69434   10.20947   313.914 
512   353.8753   225.6224   1617.845   18.25355   10.44914   312.905 
512   348.2994   255.9972   1609.612   19.88281   11.39224   311.333 
512   347.0669   252.3843   1606.319   19.25438   10.26321   302.596 
512   348.117   212.5176   1623.744   18.20321   9.057264   304.481 
512   357.706   233.9051   1629.882   19.74304   11.34586   304.42 
512   348.8383   260.6565   1630.067   19.80908   11.17205   303.638 
